10000 1 4940
2 1 -515
6 1 -632
7 1 -678
11 1 107
12 1 67
15 1 354
18 1 -702
20 1 -248
27 1 845
29 1 833
32 1 -779
33 1 734
35 1 -456
37 1 898
40 1 901
41 1 910
43 1 624
44 1 224
47 1 415
50 1 344
53 1 -134
54 1 480
55 1 280
56 1 180
57 1 -805
64 1 527
65 1 673
66 1 254
67 1 -357
74 1 -171
75 1 -855
77 1 -245
80 1 -570
82 1 992
83 1 524
84 1 -722
85 1 631
89 1 356
92 1 274
97 1 -690
98 1 120
100 1 943
101 1 -653
102 1 327
103 1 823
108 1 -655
109 1 12
110 1 685
113 1 -744
117 1 -879
118 1 -438
120 1 296
121 1 -420
125 1 -397
131 1 375
132 1 14
133 1 986
135 1 -342
136 1 316
137 1 145
138 1 917
141 1 -123
142 1 -328
143 1 -59
144 1 -460
147 1 -149
149 1 -863
150 1 -894
151 1 -277
152 1 116
154 1 105
155 1 340
156 1 -319
159 1 -502
160 1 -14
161 1 -393
162 1 -148
164 1 944
166 1 773
171 1 690
175 1 -141
177 1 140
178 1 800
179 1 745
181 1 674
182 1 233
183 1 -295
185 1 633
186 1 -938
187 1 365
188 1 246
189 1 763
190 1 688
191 1 -243
192 1 243
200 1 89
201 1 80
202 1 591
206 1 286
207 1 -513
209 1 -255
212 1 -547
214 1 -699
215 1 814
216 1 771
217 1 -450
218 1 -261
221 1 -127
223 1 -815
224 1 582
225 1 895
228 1 477
229 1 957
230 1 -919
231 1 762
233 1 -989
234 1 -178
236 1 -603
237 1 -521
239 1 166
241 1 -996
243 1 531
244 1 -333
245 1 208
247 1 -758
248 1 -412
252 1 11
255 1 -654
257 1 716
259 1 -128
266 1 771
268 1 -518
270 1 -101
271 1 214
273 1 571
274 1 -457
275 1 380
277 1 -226
279 1 373
287 1 158
292 1 806
293 1 772
294 1 -455
295 1 619
297 1 242
298 1 -593
303 1 597
304 1 -453
305 1 392
306 1 752
308 1 -915
312 1 337
318 1 637
319 1 732
321 1 -996
327 1 270
330 1 -802
333 1 -707
334 1 466
338 1 -69
339 1 -30
340 1 -322
341 1 653
342 1 523
343 1 299
345 1 194
347 1 -302
348 1 954
349 1 -750
350 1 138
352 1 -690
353 1 248
355 1 -664
358 1 -964
359 1 192
360 1 -808
361 1 525
362 1 685
363 1 -895
364 1 231
365 1 -930
367 1 -595
370 1 50
373 1 171
374 1 -261
376 1 -908
378 1 104
385 1 536
386 1 -466
388 1 -955
389 1 -50
392 1 -908
393 1 545
396 1 -803
397 1 -195
401 1 -41
402 1 561
403 1 89
404 1 -917
408 1 378
409 1 -467
411 1 -895
412 1 255
414 1 512
415 1 -684
417 1 -56
421 1 -474
423 1 166
424 1 199
426 1 381
427 1 605
429 1 -310
430 1 922
433 1 -815
434 1 -312
435 1 677
437 1 164
440 1 -708
442 1 -412
443 1 386
445 1 135
447 1 211
449 1 -211
451 1 357
452 1 -970
454 1 22
455 1 -625
457 1 -898
459 1 -124
460 1 474
464 1 -709
466 1 51
467 1 496
468 1 73
469 1 528
470 1 -844
471 1 -59
472 1 991
474 1 -408
475 1 -54
476 1 914
478 1 -37
480 1 -367
481 1 -766
482 1 -164
483 1 -455
484 1 -748
485 1 -842
486 1 -709
487 1 563
489 1 -152
491 1 989
493 1 712
495 1 259
496 1 146
503 1 537
504 1 -505
505 1 515
506 1 -625
507 1 15
510 1 444
512 1 -311
515 1 269
518 1 10
519 1 273
522 1 462
527 1 -248
528 1 -977
530 1 892
532 1 308
533 1 -723
534 1 501
536 1 987
537 1 -341
538 1 -490
542 1 -704
543 1 385
549 1 904
550 1 116
551 1 -629
552 1 781
556 1 -207
557 1 -101
560 1 -977
561 1 -744
562 1 138
563 1 54
566 1 -441
570 1 -184
573 1 -900
574 1 -547
577 1 -358
582 1 -458
589 1 607
592 1 60
594 1 482
599 1 -277
601 1 39
605 1 -941
607 1 598
609 1 -195
613 1 547
614 1 -956
616 1 -402
623 1 -796
625 1 311
626 1 -846
627 1 440
629 1 -794
630 1 94
631 1 576
633 1 204
634 1 -216
636 1 250
637 1 -352
639 1 -364
640 1 -807
642 1 21
644 1 360
645 1 625
647 1 -28
648 1 696
650 1 176
652 1 231
655 1 522
656 1 -564
658 1 -135
660 1 -873
661 1 -956
665 1 -710
669 1 709
671 1 567
676 1 45
680 1 -764
682 1 -498
683 1 298
686 1 909
688 1 -293
690 1 -661
691 1 -449
692 1 -242
693 1 -852
696 1 -803
697 1 -106
698 1 -440
703 1 -301
705 1 -62
706 1 -174
707 1 588
709 1 866
711 1 824
712 1 712
720 1 -295
721 1 720
723 1 -487
724 1 -766
727 1 -250
729 1 -305
730 1 -956
734 1 -194
737 1 345
739 1 -414
740 1 142
741 1 134
742 1 17
746 1 -80
747 1 -80
752 1 975
754 1 -355
755 1 899
756 1 956
758 1 -240
760 1 -570
762 1 -329
763 1 -731
766 1 855
768 1 -839
769 1 488
770 1 -6
773 1 -558
776 1 93
777 1 855
778 1 -944
779 1 173
780 1 -675
785 1 159
786 1 554
788 1 -492
793 1 934
794 1 -490
795 1 -348
797 1 558
799 1 -849
800 1 -359
801 1 -245
804 1 -696
805 1 958
808 1 -28
810 1 252
811 1 -311
813 1 12
814 1 -514
815 1 963
816 1 586
817 1 -4
819 1 833
820 1 184
823 1 -677
824 1 566
828 1 660
830 1 -991
832 1 332
833 1 -804
835 1 -102
836 1 -253
837 1 922
841 1 363
843 1 -929
845 1 332
846 1 -243
847 1 -71
848 1 377
851 1 34
855 1 376
856 1 732
859 1 243
860 1 -594
861 1 933
863 1 65
866 1 -282
868 1 -386
870 1 166
871 1 574
874 1 -748
875 1 746
877 1 -501
881 1 -336
882 1 -646
884 1 609
885 1 657
886 1 -654
889 1 357
890 1 -51
891 1 707
893 1 -673
894 1 -181
896 1 -801
903 1 -899
904 1 960
905 1 -515
909 1 562
910 1 687
911 1 -56
914 1 966
915 1 -11
920 1 788
925 1 881
927 1 -301
930 1 235
931 1 471
932 1 -278
933 1 -9
934 1 67
935 1 369
937 1 876
938 1 -320
939 1 -285
941 1 346
943 1 -225
944 1 707
946 1 312
947 1 -444
948 1 219
951 1 13
953 1 -177
954 1 -783
955 1 -68
956 1 465
958 1 826
959 1 939
960 1 488
962 1 -643
965 1 -668
966 1 648
967 1 429
968 1 293
971 1 -857
972 1 -312
976 1 841
977 1 276
980 1 137
982 1 975
983 1 739
984 1 -303
986 1 395
987 1 -812
988 1 -754
989 1 718
990 1 868
992 1 644
993 1 219
996 1 -228
998 1 -913
999 1 -704
1001 1 394
1002 1 -792
1004 1 -173
1005 1 81
1007 1 -577
1008 1 716
1011 1 910
1013 1 -986
1016 1 -463
1019 1 546
1020 1 469
1022 1 -311
1024 1 -366
1025 1 -393
1026 1 997
1027 1 -784
1028 1 487
1029 1 -1
1031 1 431
1032 1 727
1033 1 440
1035 1 346
1036 1 40
1038 1 -105
1041 1 -331
1042 1 407
1044 1 743
1045 1 -306
1046 1 684
1050 1 754
1051 1 671
1054 1 -736
1055 1 -479
1056 1 886
1057 1 -673
1058 1 -938
1060 1 94
1061 1 424
1062 1 -403
1064 1 -797
1066 1 73
1068 1 -57
1069 1 -968
1070 1 68
1071 1 517
1075 1 90
1079 1 -143
1080 1 653
1081 1 821
1084 1 226
1085 1 990
1087 1 408
1089 1 208
1091 1 390
1094 1 489
1096 1 -231
1100 1 179
1101 1 -367
1103 1 -268
1105 1 406
1106 1 -494
1108 1 54
1110 1 -608
1114 1 55
1120 1 -362
1121 1 718
1122 1 -849
1125 1 798
1130 1 -92
1134 1 -503
1136 1 873
1137 1 692
1139 1 242
1140 1 557
1141 1 433
1146 1 798
1150 1 -461
1151 1 237
1152 1 656
1154 1 -811
1158 1 -747
1160 1 -926
1161 1 -560
1162 1 -364
1164 1 49
1165 1 -849
1167 1 574
1168 1 798
1169 1 -503
1170 1 -898
1172 1 508
1173 1 551
1175 1 -545
1176 1 -942
1177 1 -36
1178 1 -222
1179 1 909
1180 1 -398
1181 1 398
1185 1 492
1186 1 169
1187 1 927
1188 1 911
1191 1 745
1195 1 998
1197 1 390
1200 1 -589
1201 1 -87
1208 1 931
1209 1 -272
1212 1 -451
1213 1 632
1217 1 725
1223 1 251
1224 1 102
1225 1 540
1228 1 806
1232 1 -793
1233 1 -455
1234 1 910
1236 1 -340
1237 1 988
1238 1 -80
1241 1 386
1242 1 -877
1243 1 -548
1248 1 35
1249 1 -174
1250 1 200
1252 1 -865
1255 1 -520
1256 1 -198
1257 1 57
1258 1 372
1261 1 639
1263 1 511
1265 1 309
1268 1 536
1270 1 -70
1272 1 482
1275 1 194
1277 1 -7
1278 1 174
1279 1 -366
1280 1 -27
1282 1 374
1283 1 835
1284 1 790
1294 1 -827
1295 1 100
1297 1 615
1298 1 89
1300 1 559
1301 1 -134
1303 1 586
1305 1 -301
1306 1 445
1307 1 -908
1309 1 233
1310 1 289
1311 1 -175
1313 1 -160
1316 1 493
1320 1 218
1323 1 433
1325 1 -531
1328 1 -456
1329 1 815
1334 1 -888
1337 1 623
1339 1 -617
1340 1 -575
1342 1 -209
1343 1 365
1345 1 297
1346 1 -368
1348 1 -141
1349 1 994
1350 1 796
1351 1 314
1355 1 -611
1357 1 750
1362 1 -728
1363 1 -98
1364 1 -197
1365 1 538
1366 1 -3
1367 1 -702
1368 1 -172
1370 1 -445
1371 1 869
1375 1 -39
1376 1 374
1378 1 585
1379 1 -391
1380 1 -120
1381 1 -499
1382 1 -736
1384 1 516
1385 1 -565
1386 1 -208
1389 1 736
1390 1 346
1391 1 95
1394 1 -442
1395 1 -750
1398 1 20
1401 1 -201
1404 1 3
1407 1 754
1408 1 -611
1410 1 -150
1411 1 -705
1412 1 -197
1413 1 686
1415 1 122
1417 1 454
1418 1 -782
1419 1 -99
1423 1 687
1426 1 -509
1427 1 390
1430 1 612
1432 1 -312
1434 1 404
1435 1 761
1436 1 -19
1437 1 -241
1441 1 515
1445 1 710
1451 1 626
1452 1 309
1455 1 -188
1456 1 -38
1466 1 326
1468 1 964
1469 1 -386
1471 1 -885
1472 1 297
1474 1 421
1479 1 -513
1483 1 828
1484 1 -18
1487 1 -139
1488 1 244
1494 1 -712
1495 1 451
1497 1 842
1500 1 51
1502 1 462
1503 1 565
1504 1 -390
1505 1 898
1506 1 81
1508 1 -744
1509 1 56
1510 1 -224
1511 1 -253
1512 1 -163
1516 1 267
1517 1 799
1518 1 66
1519 1 407
1521 1 -65
1524 1 859
1528 1 -983
1530 1 187
1534 1 381
1536 1 695
1537 1 -227
1540 1 -142
1544 1 -910
1546 1 -489
1547 1 296
1548 1 647
1551 1 891
1552 1 374
1553 1 322
1558 1 478
1561 1 777
1563 1 324
1566 1 580
1567 1 -482
1568 1 -896
1569 1 -832
1570 1 -458
1572 1 847
1575 1 702
1576 1 742
1577 1 -828
1578 1 575
1579 1 -784
1581 1 666
1583 1 -682
1586 1 87
1588 1 -358
1593 1 -819
1594 1 -541
1596 1 37
1597 1 -246
1598 1 -999
1603 1 152
1604 1 315
1606 1 443
1608 1 751
1609 1 817
1611 1 667
1612 1 16
1613 1 273
1614 1 -674
1615 1 -559
1617 1 -165
1618 1 394
1625 1 -369
1626 1 -745
1627 1 666
1629 1 -691
1631 1 -329
1635 1 -26
1637 1 303
1639 1 -704
1641 1 488
1642 1 -52
1643 1 673
1645 1 77
1647 1 982
1648 1 -172
1649 1 555
1650 1 -480
1651 1 -763
1653 1 -720
1654 1 282
1655 1 695
1657 1 -897
1660 1 -324
1665 1 940
1670 1 183
1671 1 -677
1672 1 938
1678 1 957
1680 1 647
1681 1 -33
1682 1 -11
1684 1 846
1686 1 942
1688 1 432
1691 1 -831
1695 1 -882
1697 1 231
1698 1 134
1699 1 -684
1703 1 213
1705 1 39
1706 1 478
1707 1 -581
1708 1 -180
1711 1 -750
1712 1 -701
1713 1 977
1714 1 -564
1715 1 -279
1717 1 -179
1718 1 -962
1719 1 -330
1720 1 206
1727 1 37
1729 1 -714
1731 1 16
1733 1 -598
1737 1 -864
1739 1 809
1740 1 614
1742 1 384
1744 1 254
1745 1 -565
1746 1 -498
1749 1 -850
1752 1 -240
1753 1 561
1755 1 -80
1756 1 -711
1759 1 -864
1760 1 -140
1763 1 805
1766 1 -247
1767 1 -928
1772 1 453
1773 1 -790
1774 1 767
1776 1 413
1777 1 258
1778 1 674
1780 1 663
1786 1 -418
1788 1 928
1790 1 -13
1792 1 -103
1793 1 624
1796 1 -121
1801 1 -955
1802 1 -166
1804 1 -70
1806 1 -697
1811 1 -962
1812 1 -645
1813 1 784
1814 1 -221
1815 1 969
1816 1 672
1818 1 -751
1819 1 228
1820 1 -845
1821 1 -630
1822 1 -548
1823 1 -846
1824 1 117
1825 1 959
1829 1 -411
1830 1 145
1831 1 -694
1835 1 -355
1839 1 48
1840 1 657
1842 1 618
1844 1 -741
1847 1 -364
1848 1 176
1850 1 370
1852 1 526
1854 1 -725
1856 1 -111
1857 1 759
1859 1 -984
1865 1 -627
1866 1 744
1867 1 -690
1870 1 -484
1873 1 -706
1875 1 171
1880 1 753
1884 1 -415
1885 1 -270
1886 1 -780
1889 1 647
1890 1 287
1891 1 -585
1894 1 758
1895 1 947
1897 1 881
1898 1 -908
1899 1 215
1900 1 233
1902 1 284
1903 1 346
1905 1 820
1907 1 794
1908 1 100
1909 1 -616
1914 1 932
1915 1 787
1916 1 -440
1917 1 402
1919 1 -992
1920 1 -197
1922 1 -574
1923 1 -496
1928 1 -447
1933 1 786
1937 1 -986
1938 1 -918
1940 1 870
1941 1 -931
1944 1 -890
1947 1 466
1950 1 279
1951 1 568
1953 1 531
1954 1 -299
1955 1 631
1956 1 456
1958 1 210
1959 1 -715
1963 1 -561
1964 1 666
1965 1 -269
1966 1 -147
1972 1 -6
1974 1 979
1975 1 779
1976 1 -165
1978 1 70
1979 1 146
1980 1 -791
1985 1 -152
1987 1 -1
1988 1 -465
1989 1 -211
1990 1 -463
1991 1 -764
1994 1 210
1995 1 -122
1997 1 -692
1998 1 -194
1999 1 993
2003 1 -215
2005 1 -213
2006 1 764
2007 1 952
2011 1 137
2012 1 286
2014 1 829
2017 1 824
2020 1 -581
2021 1 -507
2023 1 611
2025 1 4
2026 1 149
2028 1 572
2029 1 12
2031 1 116
2032 1 740
2034 1 829
2035 1 252
2036 1 608
2037 1 290
2040 1 688
2042 1 959
2047 1 47
2048 1 293
2049 1 -137
2050 1 -466
2051 1 987
2052 1 -238
2053 1 225
2054 1 162
2059 1 376
2060 1 681
2062 1 464
2063 1 498
2064 1 375
2066 1 -241
2068 1 770
2069 1 742
2071 1 987
2072 1 -930
2074 1 387
2077 1 478
2079 1 -133
2082 1 259
2087 1 639
2090 1 -706
2092 1 516
2095 1 270
2096 1 296
2097 1 797
2098 1 -444
2099 1 7
2100 1 72
2102 1 553
2103 1 211
2105 1 175
2106 1 -725
2107 1 667
2108 1 -388
2109 1 954
2112 1 878
2114 1 -587
2117 1 714
2118 1 140
2120 1 173
2121 1 -566
2122 1 565
2123 1 186
2124 1 128
2127 1 -80
2128 1 595
2129 1 129
2130 1 577
2132 1 834
2133 1 435
2136 1 -724
2137 1 930
2138 1 -387
2139 1 951
2142 1 714
2143 1 243
2144 1 248
2146 1 505
2151 1 -378
2152 1 769
2156 1 394
2158 1 -87
2159 1 -415
2161 1 -135
2164 1 495
2169 1 811
2172 1 -109
2173 1 27
2177 1 -458
2178 1 874
2180 1 266
2182 1 -885
2183 1 818
2184 1 -162
2186 1 -44
2187 1 -988
2190 1 -692
2191 1 -452
2193 1 303
2195 1 78
2198 1 -262
2199 1 -312
2200 1 671
2204 1 -46
2207 1 865
2208 1 257
2212 1 -211
2213 1 -183
2214 1 -91
2223 1 -736
2224 1 -788
2225 1 476
2229 1 -861
2230 1 649
2231 1 862
2232 1 172
2234 1 822
2237 1 -896
2239 1 -336
2241 1 396
2242 1 231
2243 1 170
2244 1 111
2245 1 -337
2247 1 925
2248 1 -18
2249 1 -137
2250 1 -884
2252 1 383
2255 1 -827
2257 1 -916
2258 1 -694
2260 1 641
2261 1 849
2262 1 -906
2265 1 -25
2270 1 763
2271 1 307
2272 1 917
2274 1 -179
2277 1 -474
2279 1 -646
2280 1 721
2281 1 271
2283 1 -553
2287 1 200
2292 1 -785
2293 1 983
2295 1 -144
2299 1 -404
2301 1 -341
2303 1 -606
2304 1 967
2306 1 -615
2307 1 -553
2309 1 -312
2313 1 72
2314 1 902
2315 1 657
2319 1 -913
2324 1 -84
2326 1 446
2327 1 174
2330 1 -502
2331 1 476
2332 1 370
2333 1 -663
2335 1 -45
2337 1 -616
2338 1 -352
2342 1 243
2344 1 -852
2345 1 -19
2346 1 196
2347 1 77
2348 1 -610
2349 1 -499
2356 1 203
2357 1 616
2358 1 -785
2360 1 154
2364 1 742
2368 1 -575
2376 1 -134
2378 1 546
2380 1 -173
2381 1 -53
2387 1 690
2389 1 -235
2392 1 699
2394 1 -844
2395 1 176
2397 1 872
2400 1 489
2404 1 925
2405 1 647
2406 1 -144
2411 1 -775
2412 1 -784
2413 1 -386
2422 1 -432
2423 1 -555
2424 1 765
2426 1 503
2427 1 -966
2430 1 549
2432 1 -106
2435 1 -531
2438 1 -130
2440 1 984
2441 1 429
2442 1 967
2443 1 -155
2444 1 34
2446 1 862
2447 1 -758
2452 1 119
2454 1 168
2455 1 303
2459 1 -584
2462 1 -942
2463 1 539
2464 1 779
2466 1 -624
2469 1 -41
2471 1 -415
2472 1 -805
2475 1 222
2477 1 -827
2479 1 -576
2480 1 87
2484 1 -603
2486 1 -561
2487 1 527
2488 1 292
2493 1 -669
2495 1 630
2496 1 559
2499 1 272
2500 1 -477
2503 1 436
2511 1 785
2513 1 908
2515 1 408
2519 1 57
2520 1 434
2526 1 654
2527 1 -524
2529 1 384
2530 1 -42
2533 1 -565
2534 1 290
2535 1 727
2538 1 -65
2541 1 -69
2545 1 -589
2546 1 -748
2547 1 998
2548 1 -169
2551 1 -384
2552 1 -989
2553 1 -683
2554 1 -730
2555 1 616
2556 1 857
2558 1 -266
2559 1 76
2560 1 -453
2562 1 739
2565 1 -298
2567 1 -925
2569 1 -889
2571 1 652
2573 1 -952
2575 1 274
2577 1 -69
2578 1 -954
2579 1 608
2580 1 999
2583 1 -347
2585 1 475
2587 1 925
2588 1 373
2590 1 -773
2591 1 -265
2596 1 794
2597 1 -603
2598 1 733
2599 1 351
2600 1 -822
2606 1 530
2607 1 -548
2608 1 -578
2609 1 102
2610 1 870
2611 1 -653
2612 1 739
2613 1 -804
2616 1 -505
2617 1 -843
2619 1 581
2621 1 643
2623 1 13
2624 1 -121
2631 1 21
2632 1 864
2636 1 -420
2637 1 57
2641 1 -734
2642 1 -265
2643 1 950
2644 1 175
2645 1 -542
2646 1 676
2647 1 -509
2648 1 456
2651 1 683
2652 1 -143
2653 1 -802
2655 1 851
2658 1 952
2662 1 -151
2665 1 888
2666 1 668
2668 1 1
2669 1 887
2670 1 749
2671 1 -660
2672 1 164
2674 1 -164
2675 1 -836
2676 1 115
2680 1 -251
2684 1 -545
2685 1 626
2687 1 975
2688 1 25
2690 1 -54
2693 1 390
2694 1 315
2695 1 -220
2696 1 -433
2697 1 610
2698 1 -170
2700 1 -994
2701 1 608
2706 1 437
2707 1 -56
2708 1 -328
2711 1 -361
2714 1 524
2715 1 -793
2716 1 -367
2717 1 231
2719 1 453
2720 1 -989
2722 1 835
2723 1 500
2724 1 -602
2725 1 -580
2726 1 -484
2730 1 487
2733 1 210
2739 1 194
2741 1 90
2742 1 44
2747 1 713
2749 1 102
2750 1 162
2754 1 67
2756 1 846
2757 1 -370
2759 1 -68
2760 1 -568
2765 1 -552
2766 1 383
2767 1 351
2769 1 -98
2770 1 603
2772 1 -964
2774 1 -754
2775 1 -912
2776 1 931
2778 1 -857
2782 1 666
2783 1 682
2788 1 -405
2791 1 124
2793 1 373
2795 1 238
2796 1 316
2797 1 808
2798 1 923
2799 1 -471
2800 1 382
2801 1 -567
2802 1 -764
2803 1 -74
2807 1 86
2810 1 617
2811 1 354
2812 1 586
2814 1 -270
2817 1 -22
2820 1 -291
2822 1 162
2823 1 -153
2826 1 683
2830 1 348
2832 1 307
2839 1 748
2842 1 1
2845 1 -515
2847 1 -46
2853 1 -267
2855 1 443
2856 1 627
2857 1 -372
2859 1 905
2860 1 779
2862 1 -232
2865 1 552
2867 1 -113
2869 1 301
2875 1 928
2879 1 -760
2880 1 -384
2881 1 762
2883 1 -467
2886 1 659
2887 1 895
2888 1 388
2891 1 346
2892 1 -674
2893 1 -862
2894 1 -285
2897 1 781
2899 1 -343
2901 1 -968
2902 1 -551
2903 1 -624
2905 1 842
2906 1 738
2907 1 246
2909 1 -480
2910 1 145
2916 1 -315
2918 1 662
2919 1 -567
2920 1 -770
2922 1 -169
2923 1 -528
2924 1 -399
2925 1 -262
2926 1 -172
2927 1 580
2928 1 -250
2929 1 -387
2930 1 -74
2934 1 353
2935 1 -55
2936 1 780
2938 1 -931
2940 1 250
2941 1 -357
2944 1 292
2949 1 -996
2950 1 29
2952 1 -300
2954 1 665
2955 1 -751
2956 1 477
2957 1 -975
2959 1 3
2960 1 708
2961 1 -171
2964 1 15
2969 1 -948
2973 1 -758
2974 1 -96
2975 1 -872
2978 1 -482
2979 1 -131
2981 1 -873
2982 1 338
2984 1 -426
2987 1 324
2988 1 -227
2989 1 -896
2992 1 682
2993 1 372
2994 1 -50
2995 1 -505
2996 1 942
2997 1 653
2999 1 -376
3008 1 -821
3009 1 281
3014 1 -620
3016 1 116
3017 1 168
3019 1 -745
3020 1 774
3021 1 -492
3022 1 -134
3024 1 -934
3025 1 687
3031 1 -558
3032 1 689
3033 1 879
3035 1 940
3036 1 325
3037 1 756
3038 1 747
3041 1 107
3042 1 796
3044 1 789
3045 1 -808
3047 1 -977
3050 1 688
3052 1 536
3053 1 772
3056 1 765
3058 1 647
3060 1 604
3061 1 -895
3063 1 -427
3064 1 255
3065 1 -596
3070 1 956
3071 1 386
3072 1 -973
3073 1 346
3076 1 349
3077 1 -40
3078 1 -365
3083 1 309
3086 1 632
3090 1 -682
3091 1 -77
3092 1 -637
3093 1 642
3094 1 -28
3099 1 -472
3100 1 -80
3103 1 835
3104 1 185
3110 1 227
3112 1 -21
3113 1 405
3116 1 -549
3117 1 444
3118 1 -966
3122 1 336
3124 1 -19
3125 1 -657
3129 1 107
3131 1 378
3132 1 -103
3135 1 523
3136 1 -737
3141 1 -713
3143 1 862
3144 1 -473
3146 1 19
3150 1 -789
3157 1 545
3158 1 -112
3159 1 -255
3161 1 372
3168 1 -472
3171 1 190
3172 1 774
3173 1 831
3175 1 551
3178 1 -530
3181 1 494
3183 1 544
3184 1 106
3187 1 -25
3189 1 57
3191 1 988
3192 1 -653
3194 1 523
3197 1 591
3198 1 858
3200 1 -498
3203 1 78
3204 1 -746
3205 1 730
3208 1 812
3209 1 -340
3210 1 425
3211 1 617
3212 1 298
3213 1 690
3214 1 -403
3215 1 -643
3216 1 240
3218 1 -926
3219 1 985
3220 1 119
3221 1 861
3226 1 552
3227 1 -573
3228 1 608
3230 1 477
3231 1 -654
3233 1 417
3234 1 721
3235 1 84
3246 1 -592
3247 1 331
3253 1 -31
3254 1 -26
3259 1 -388
3264 1 -41
3266 1 -882
3269 1 -156
3271 1 313
3272 1 -911
3275 1 -194
3276 1 306
3277 1 11
3278 1 -807
3279 1 352
3280 1 263
3281 1 -248
3283 1 659
3284 1 -417
3285 1 -414
3286 1 796
3287 1 -229
3288 1 -712
3289 1 -749
3290 1 -281
3293 1 -573
3294 1 -481
3302 1 -460
3303 1 393
3305 1 396
3306 1 796
3308 1 534
3309 1 -853
3310 1 -381
3315 1 -194
3317 1 -647
3319 1 -448
3320 1 730
3322 1 750
3323 1 190
3325 1 157
3327 1 76
3329 1 -613
3330 1 318
3331 1 -682
3332 1 493
3333 1 396
3335 1 283
3336 1 -938
3338 1 894
3340 1 299
3341 1 -355
3342 1 225
3343 1 -92
3344 1 -833
3350 1 716
3352 1 550
3356 1 -568
3361 1 -950
3362 1 -313
3363 1 765
3364 1 624
3366 1 -150
3367 1 26
3369 1 521
3371 1 940
3374 1 -142
3375 1 463
3378 1 71
3380 1 445
3381 1 -741
3382 1 172
3383 1 680
3384 1 231
3385 1 -312
3386 1 168
3387 1 -382
3388 1 -597
3389 1 776
3390 1 -669
3391 1 36
3395 1 111
3396 1 -353
3397 1 -752
3401 1 424
3403 1 850
3404 1 357
3405 1 819
3408 1 -115
3409 1 555
3412 1 421
3413 1 790
3414 1 -36
3417 1 -968
3418 1 -137
3421 1 -746
3423 1 407
3424 1 -65
3425 1 629
3427 1 -589
3429 1 -214
3434 1 -80
3435 1 -51
3440 1 787
3441 1 -669
3443 1 867
3444 1 -247
3449 1 -904
3451 1 556
3452 1 286
3455 1 -393
3458 1 617
3461 1 -463
3462 1 75
3463 1 -428
3466 1 38
3472 1 -839
3473 1 -269
3474 1 759
3476 1 -543
3478 1 424
3480 1 -699
3481 1 -888
3482 1 944
3484 1 -665
3485 1 307
3488 1 -188
3489 1 -161
3494 1 420
3497 1 -464
3501 1 -466
3503 1 -874
3504 1 752
3505 1 62
3508 1 54
3511 1 203
3512 1 -309
3513 1 -991
3514 1 515
3515 1 202
3517 1 -914
3519 1 -332
3520 1 531
3521 1 473
3522 1 -4
3523 1 -56
3524 1 -527
3525 1 -725
3526 1 262
3528 1 -809
3529 1 648
3530 1 -517
3531 1 -54
3532 1 -9
3533 1 471
3539 1 -935
3540 1 780
3541 1 -527
3543 1 470
3545 1 124
3547 1 -823
3548 1 -350
3550 1 -608
3555 1 446
3556 1 -511
3559 1 -831
3560 1 737
3562 1 -853
3564 1 -739
3566 1 942
3569 1 637
3572 1 -613
3573 1 -846
3575 1 -67
3576 1 -766
3577 1 -927
3579 1 -63
3582 1 236
3583 1 368
3585 1 292
3586 1 322
3587 1 -660
3588 1 -777
3590 1 -280
3591 1 732
3592 1 -502
3594 1 356
3595 1 -907
3596 1 222
3598 1 -740
3599 1 612
3602 1 -418
3603 1 948
3604 1 -122
3606 1 256
3608 1 -830
3610 1 667
3614 1 777
3615 1 -321
3617 1 -633
3619 1 95
3621 1 -7
3622 1 62
3624 1 -479
3625 1 -291
3628 1 -608
3630 1 203
3632 1 495
3633 1 32
3634 1 -993
3635 1 -609
3641 1 458
3643 1 927
3645 1 12
3647 1 31
3650 1 -826
3653 1 -856
3654 1 922
3655 1 -807
3657 1 658
3659 1 -746
3660 1 678
3662 1 556
3663 1 -702
3665 1 -373
3667 1 263
3668 1 -555
3670 1 558
3671 1 857
3672 1 448
3673 1 501
3674 1 874
3677 1 245
3680 1 719
3683 1 -657
3686 1 -670
3687 1 -643
3688 1 176
3692 1 699
3693 1 935
3694 1 954
3695 1 515
3697 1 -501
3698 1 380
3700 1 -527
3701 1 306
3702 1 -58
3704 1 717
3705 1 130
3709 1 -24
3710 1 -88
3713 1 544
3718 1 -533
3720 1 969
3723 1 727
3725 1 -291
3727 1 760
3728 1 573
3729 1 614
3730 1 -365
3733 1 437
3734 1 604
3736 1 845
3738 1 -866
3741 1 -395
3744 1 -597
3745 1 -879
3746 1 123
3749 1 -12
3752 1 -116
3754 1 573
3755 1 -593
3756 1 543
3758 1 -721
3759 1 -523
3762 1 57
3763 1 -215
3764 1 -705
3765 1 -206
3766 1 90
3767 1 645
3768 1 -887
3769 1 -717
3771 1 479
3772 1 198
3773 1 -339
3775 1 -16
3776 1 406
3784 1 -723
3788 1 110
3791 1 -603
3792 1 -225
3793 1 -549
3794 1 -337
3797 1 -32
3798 1 26
3800 1 -541
3801 1 980
3802 1 -550
3803 1 -757
3807 1 -374
3810 1 -479
3812 1 -419
3813 1 490
3814 1 358
3816 1 -593
3817 1 521
3818 1 -684
3821 1 907
3822 1 958
3823 1 -33
3825 1 -428
3827 1 192
3829 1 725
3832 1 -265
3834 1 -994
3835 1 -702
3838 1 9
3839 1 162
3840 1 -710
3841 1 918
3842 1 -753
3846 1 112
3847 1 441
3849 1 -831
3850 1 979
3852 1 301
3854 1 796
3859 1 510
3861 1 997
3862 1 -59
3865 1 -702
3869 1 -232
3871 1 -493
3872 1 207
3873 1 -951
3874 1 -512
3875 1 405
3876 1 843
3877 1 -794
3878 1 -775
3879 1 237
3881 1 -843
3882 1 -852
3886 1 507
3887 1 -717
3892 1 605
3894 1 -754
3897 1 577
3898 1 985
3901 1 340
3904 1 679
3905 1 -761
3907 1 -957
3910 1 -787
3916 1 -544
3918 1 107
3919 1 -180
3921 1 -731
3922 1 165
3923 1 -297
3924 1 233
3927 1 800
3932 1 14
3934 1 585
3935 1 -492
3938 1 164
3939 1 214
3940 1 758
3945 1 -855
3946 1 -317
3948 1 -185
3949 1 -74
3953 1 504
3954 1 -940
3956 1 -793
3959 1 931
3960 1 576
3962 1 -283
3963 1 -304
3965 1 -317
3968 1 -22
3970 1 470
3971 1 -989
3972 1 445
3973 1 976
3974 1 -76
3976 1 203
3983 1 -458
3987 1 157
3988 1 679
3989 1 534
3990 1 -743
3992 1 240
3994 1 678
3995 1 139
3997 1 -149
4001 1 581
4003 1 -280
4004 1 194
4005 1 794
4007 1 -131
4009 1 -366
4012 1 500
4015 1 -597
4016 1 -55
4017 1 -541
4018 1 -993
4020 1 769
4021 1 -389
4024 1 496
4028 1 -722
4029 1 -106
4030 1 433
4031 1 161
4032 1 -247
4034 1 883
4039 1 338
4043 1 -176
4045 1 -946
4046 1 -148
4048 1 783
4049 1 -578
4050 1 -193
4051 1 -491
4054 1 952
4055 1 -224
4057 1 565
4059 1 -480
4060 1 -964
4064 1 -531
4068 1 79
4073 1 -40
4074 1 512
4075 1 -546
4077 1 169
4078 1 -909
4082 1 943
4083 1 -357
4085 1 310
4087 1 -933
4089 1 728
4092 1 -945
4095 1 -19
4098 1 738
4099 1 278
4101 1 -122
4108 1 269
4111 1 -200
4113 1 -254
4115 1 112
4116 1 522
4117 1 696
4120 1 -157
4121 1 -473
4124 1 24
4127 1 481
4130 1 -54
4132 1 606
4133 1 -655
4136 1 -404
4137 1 -217
4138 1 486
4139 1 681
4141 1 40
4142 1 -545
4145 1 428
4148 1 921
4149 1 868
4152 1 573
4154 1 702
4155 1 236
4159 1 -696
4160 1 -582
4161 1 -159
4162 1 -455
4163 1 957
4164 1 366
4166 1 81
4167 1 -891
4169 1 -83
4172 1 -818
4175 1 -992
4177 1 -696
4178 1 401
4179 1 144
4183 1 -540
4190 1 599
4196 1 -263
4198 1 -856
4199 1 96
4202 1 602
4203 1 -174
4204 1 655
4205 1 -642
4206 1 463
4207 1 -55
4209 1 808
4210 1 551
4211 1 -254
4215 1 520
4216 1 652
4217 1 495
4218 1 448
4219 1 950
4220 1 -740
4221 1 -192
4223 1 342
4225 1 -998
4228 1 181
4230 1 345
4232 1 -683
4236 1 -107
4239 1 -818
4240 1 -111
4241 1 81
4245 1 -677
4246 1 122
4247 1 678
4248 1 -996
4250 1 -204
4251 1 -297
4254 1 -170
4256 1 -574
4259 1 879
4260 1 -764
4262 1 864
4264 1 29
4265 1 -186
4266 1 -345
4268 1 -203
4269 1 6
4270 1 305
4278 1 -977
4281 1 -641
4284 1 116
4285 1 -10
4288 1 -968
4290 1 -463
4291 1 -3
4292 1 132
4294 1 375
4296 1 268
4297 1 -579
4298 1 563
4299 1 -693
4300 1 928
4301 1 43
4302 1 -352
4305 1 315
4310 1 215
4311 1 -912
4312 1 808
4314 1 -492
4315 1 635
4323 1 622
4324 1 -737
4326 1 123
4327 1 877
4333 1 57
4335 1 -340
4337 1 -473
4338 1 946
4339 1 878
4340 1 563
4341 1 -560
4342 1 -857
4345 1 -904
4347 1 766
4348 1 572
4350 1 -300
4352 1 48
4353 1 -712
4356 1 -556
4359 1 353
4360 1 -198
4363 1 21
4364 1 441
4370 1 -729
4374 1 829
4375 1 -521
4376 1 282
4378 1 439
4383 1 -991
4384 1 -575
4387 1 -944
4388 1 -171
4389 1 -351
4393 1 175
4394 1 233
4395 1 440
4399 1 -649
4400 1 826
4402 1 522
4403 1 -819
4405 1 -699
4407 1 -935
4409 1 -680
4410 1 -332
4414 1 732
4416 1 -137
4419 1 -939
4421 1 -217
4423 1 -267
4424 1 780
4425 1 -989
4429 1 442
4430 1 -97
4432 1 -197
4433 1 -369
4436 1 -994
4437 1 -401
4439 1 -448
4444 1 33
4445 1 325
4447 1 578
4450 1 -916
4452 1 362
4453 1 -590
4454 1 137
4455 1 898
4456 1 195
4457 1 -209
4458 1 -728
4459 1 -292
4460 1 358
4461 1 392
4466 1 -741
4468 1 44
4472 1 -476
4473 1 -769
4474 1 -175
4475 1 252
4477 1 -252
4478 1 922
4480 1 677
4481 1 -417
4486 1 179
4488 1 -679
4489 1 -564
4490 1 -126
4497 1 -839
4498 1 581
4499 1 393
4501 1 -378
4502 1 374
4503 1 -595
4504 1 693
4505 1 -444
4506 1 35
4508 1 791
4514 1 603
4516 1 544
4518 1 -807
4519 1 338
4526 1 -921
4527 1 840
4528 1 499
4530 1 927
4533 1 62
4534 1 -984
4536 1 274
4539 1 944
4540 1 86
4542 1 -659
4544 1 -540
4546 1 -735
4548 1 -259
4549 1 -302
4550 1 -902
4551 1 755
4554 1 51
4555 1 447
4556 1 -796
4559 1 -758
4561 1 -767
4563 1 -160
4568 1 976
4572 1 -502
4574 1 -786
4575 1 -617
4576 1 183
4577 1 600
4578 1 -185
4579 1 449
4580 1 419
4581 1 -42
4582 1 -600
4585 1 -969
4586 1 -697
4589 1 -708
4591 1 -464
4593 1 -547
4595 1 31
4600 1 336
4615 1 169
4616 1 -895
4617 1 86
4618 1 -475
4619 1 516
4620 1 681
4622 1 294
4623 1 953
4627 1 -816
4631 1 -588
4632 1 -480
4633 1 84
4634 1 -451
4635 1 -414
4640 1 -379
4641 1 322
4648 1 -688
4650 1 -763
4651 1 -153
4652 1 -110
4653 1 -668
4657 1 993
4660 1 554
4661 1 -847
4662 1 897
4663 1 401
4664 1 -999
4669 1 -947
4670 1 -257
4671 1 -909
4676 1 246
4677 1 330
4679 1 779
4681 1 742
4682 1 460
4683 1 714
4684 1 -17
4685 1 -865
4687 1 -412
4688 1 -450
4689 1 -973
4696 1 -897
4698 1 -309
4700 1 -324
4701 1 -255
4702 1 811
4703 1 33
4704 1 757
4706 1 -284
4708 1 610
4709 1 629
4710 1 822
4711 1 -537
4712 1 290
4716 1 -248
4717 1 116
4718 1 -927
4723 1 -911
4724 1 -72
4726 1 -578
4727 1 -303
4729 1 -914
4730 1 319
4731 1 980
4733 1 656
4734 1 731
4737 1 640
4739 1 -309
4740 1 -868
4743 1 -862
4744 1 198
4745 1 -464
4749 1 51
4750 1 975
4752 1 351
4753 1 -509
4754 1 -66
4759 1 -230
4760 1 -886
4762 1 -446
4763 1 -99
4767 1 434
4768 1 -739
4769 1 235
4771 1 -500
4773 1 -251
4775 1 723
4776 1 -867
4777 1 -395
4782 1 -764
4786 1 8
4787 1 -647
4789 1 -993
4792 1 768
4798 1 -665
4801 1 526
4802 1 96
4804 1 -544
4805 1 993
4810 1 740
4812 1 235
4814 1 -175
4815 1 -493
4816 1 -576
4817 1 49
4818 1 -976
4819 1 998
4820 1 449
4824 1 980
4826 1 -938
4828 1 380
4829 1 150
4831 1 918
4833 1 735
4835 1 673
4836 1 -656
4839 1 678
4842 1 -72
4843 1 306
4844 1 718
4847 1 499
4848 1 903
4850 1 714
4853 1 759
4855 1 -709
4856 1 -690
4858 1 928
4860 1 601
4862 1 973
4866 1 572
4867 1 -561
4868 1 -263
4870 1 -689
4872 1 -190
4879 1 -789
4880 1 -655
4881 1 662
4883 1 714
4885 1 -501
4886 1 -984
4887 1 -653
4888 1 -535
4890 1 -943
4891 1 77
4893 1 782
4895 1 -344
4900 1 85
4904 1 618
4906 1 935
4910 1 -743
4912 1 -209
4913 1 73
4914 1 -112
4916 1 -908
4917 1 747
4918 1 -438
4922 1 -893
4924 1 -881
4925 1 -367
4928 1 -650
4933 1 -486
4934 1 840
4935 1 -614
4937 1 707
4945 1 166
4947 1 -284
4950 1 -345
4953 1 154
4955 1 -685
4956 1 -762
4960 1 913
4961 1 555
4964 1 -221
4966 1 -489
4969 1 -121
4971 1 -838
4972 1 -100
4974 1 -247
4975 1 -264
4977 1 252
4978 1 877
4979 1 282
4980 1 -973
4981 1 -139
4982 1 -195
4985 1 -89
4990 1 -854
4991 1 77
4997 1 -825
4998 1 -159
4999 1 -588
5000 1 812
5002 1 448
5006 1 -149
5009 1 -174
5012 1 260
5017 1 -493
5018 1 -630
5019 1 -825
5027 1 373
5029 1 -539
5031 1 263
5032 1 226
5033 1 -887
5034 1 -494
5035 1 -31
5036 1 499
5039 1 -708
5043 1 -200
5045 1 -211
5046 1 249
5047 1 756
5048 1 698
5051 1 -817
5052 1 -423
5053 1 606
5057 1 308
5063 1 975
5067 1 238
5071 1 -209
5073 1 -213
5074 1 -52
5079 1 -353
5080 1 -896
5085 1 -740
5087 1 -792
5088 1 -219
5091 1 -676
5093 1 -868
5095 1 956
5096 1 850
5097 1 112
5098 1 -480
5100 1 -103
5102 1 888
5105 1 622
5106 1 -393
5108 1 -133
5113 1 -415
5114 1 673
5117 1 -343
5121 1 927
5122 1 -287
5130 1 770
5131 1 -880
5134 1 365
5141 1 343
5142 1 -866
5143 1 227
5144 1 -998
5145 1 638
5146 1 960
5148 1 370
5151 1 -477
5154 1 -361
5158 1 -963
5159 1 835
5160 1 -362
5162 1 504
5163 1 -315
5164 1 -309
5166 1 -240
5167 1 -920
5168 1 812
5169 1 -829
5171 1 -903
5174 1 402
5176 1 -495
5179 1 738
5180 1 476
5184 1 -510
5185 1 906
5186 1 185
5187 1 -457
5192 1 -263
5193 1 -143
5195 1 193
5197 1 -628
5198 1 137
5199 1 -297
5200 1 -893
5201 1 -518
5204 1 825
5205 1 -819
5206 1 51
5209 1 -34
5210 1 -810
5214 1 216
5216 1 -852
5221 1 955
5223 1 -992
5225 1 876
5226 1 957
5229 1 -333
5231 1 48
5235 1 38
5240 1 50
5242 1 727
5248 1 -317
5251 1 -22
5253 1 -418
5254 1 451
5256 1 372
5257 1 -61
5258 1 449
5259 1 -441
5261 1 139
5263 1 315
5266 1 -741
5269 1 -698
5271 1 -649
5272 1 -305
5273 1 135
5275 1 318
5276 1 136
5277 1 -834
5279 1 810
5280 1 -86
5282 1 34
5283 1 -959
5284 1 -70
5285 1 808
5286 1 901
5288 1 -206
5290 1 44
5292 1 -803
5297 1 794
5298 1 -622
5299 1 698
5301 1 -436
5303 1 -9
5304 1 867
5305 1 382
5309 1 -536
5311 1 723
5312 1 829
5313 1 78
5314 1 -278
5317 1 943
5321 1 446
5323 1 -754
5324 1 864
5325 1 -96
5330 1 741
5332 1 -81
5333 1 -444
5334 1 -924
5338 1 -954
5340 1 973
5342 1 -220
5343 1 43
5346 1 570
5348 1 -840
5349 1 564
5350 1 -389
5352 1 186
5354 1 -12
5357 1 -431
5360 1 756
5363 1 -461
5364 1 -620
5365 1 -523
5366 1 -429
5367 1 -272
5368 1 -286
5369 1 -108
5370 1 829
5371 1 -621
5372 1 754
5373 1 -808
5375 1 645
5378 1 -671
5379 1 472
5384 1 -848
5385 1 -745
5388 1 -785
5389 1 -709
5390 1 -845
5391 1 485
5392 1 -89
5394 1 -728
5396 1 -605
5398 1 -465
5406 1 470
5407 1 -413
5408 1 -555
5410 1 850
5411 1 976
5413 1 -424
5416 1 -593
5417 1 -75
5418 1 311
5421 1 239
5422 1 377
5424 1 528
5425 1 228
5426 1 766
5428 1 527
5430 1 684
5431 1 178
5433 1 -421
5434 1 892
5435 1 -210
5436 1 112
5440 1 332
5441 1 172
5443 1 315
5444 1 -258
5446 1 277
5449 1 -117
5450 1 -217
5451 1 -863
5452 1 367
5453 1 -164
5454 1 -363
5456 1 -905
5463 1 664
5464 1 180
5468 1 291
5469 1 626
5470 1 535
5472 1 575
5474 1 661
5477 1 469
5478 1 -58
5479 1 846
5483 1 133
5485 1 -780
5486 1 889
5489 1 470
5490 1 -36
5491 1 -943
5493 1 155
5494 1 -909
5495 1 -835
5496 1 -831
5497 1 601
5499 1 -805
5501 1 -816
5503 1 442
5504 1 193
5505 1 -739
5511 1 -585
5512 1 593
5515 1 -767
5517 1 819
5522 1 869
5524 1 434
5526 1 439
5527 1 -948
5529 1 -288
5530 1 616
5531 1 -128
5532 1 -409
5533 1 680
5535 1 -665
5537 1 -779
5538 1 -715
5541 1 629
5543 1 890
5544 1 -911
5545 1 -425
5546 1 502
5548 1 802
5549 1 -662
5552 1 -820
5555 1 37
5556 1 -121
5561 1 531
5562 1 -360
5564 1 231
5565 1 249
5567 1 191
5568 1 -464
5570 1 -196
5571 1 644
5572 1 -14
5577 1 -358
5578 1 -763
5580 1 -479
5582 1 848
5584 1 -941
5585 1 746
5587 1 -386
5588 1 422
5589 1 -236
5590 1 -6
5593 1 163
5597 1 -598
5599 1 174
5604 1 7
5606 1 325
5607 1 140
5609 1 -264
5611 1 -593
5612 1 -409
5614 1 474
5616 1 -125
5619 1 -585
5627 1 -810
5628 1 -367
5630 1 912
5631 1 786
5634 1 568
5636 1 874
5638 1 -177
5642 1 949
5643 1 -560
5646 1 948
5651 1 298
5652 1 659
5654 1 -200
5656 1 -289
5658 1 120
5659 1 54
5661 1 956
5662 1 970
5664 1 103
5665 1 -138
5667 1 -635
5672 1 -113
5676 1 344
5677 1 388
5681 1 284
5683 1 471
5687 1 -862
5690 1 801
5691 1 240
5693 1 -76
5698 1 434
5699 1 -157
5703 1 453
5704 1 -372
5705 1 592
5708 1 -467
5709 1 -465
5710 1 725
5711 1 -942
5712 1 196
5715 1 -849
5717 1 -669
5719 1 140
5720 1 349
5721 1 -806
5722 1 136
5723 1 -385
5725 1 39
5728 1 -185
5729 1 93
5732 1 992
5737 1 -733
5738 1 522
5740 1 -294
5744 1 -381
5745 1 -167
5748 1 910
5751 1 962
5752 1 262
5756 1 74
5758 1 -198
5759 1 696
5760 1 724
5761 1 -323
5763 1 110
5764 1 806
5773 1 -135
5776 1 826
5777 1 -835
5778 1 -684
5780 1 485
5781 1 469
5782 1 868
5783 1 -721
5784 1 -255
5786 1 312
5790 1 -578
5792 1 664
5793 1 -857
5794 1 -638
5795 1 905
5796 1 718
5797 1 -476
5798 1 979
5801 1 -189
5805 1 -391
5807 1 -612
5811 1 -138
5812 1 -758
5816 1 -139
5817 1 816
5818 1 508
5819 1 -140
5821 1 -535
5822 1 -883
5826 1 524
5829 1 -202
5830 1 52
5831 1 136
5833 1 -749
5835 1 -524
5838 1 -963
5839 1 582
5841 1 -888
5842 1 -351
5844 1 -86
5845 1 -742
5846 1 145
5849 1 -675
5851 1 343
5853 1 -313
5854 1 -640
5856 1 601
5857 1 -971
5859 1 479
5860 1 -252
5866 1 -380
5868 1 56
5869 1 833
5870 1 -479
5873 1 -607
5874 1 -899
5875 1 -510
5877 1 291
5878 1 664
5879 1 840
5880 1 -415
5881 1 -505
5883 1 88
5885 1 -268
5886 1 916
5888 1 -364
5891 1 923
5892 1 -85
5893 1 201
5895 1 -466
5898 1 426
5899 1 -756
5900 1 353
5901 1 -897
5903 1 -448
5909 1 -197
5912 1 -28
5913 1 562
5914 1 -22
5915 1 -394
5917 1 -307
5920 1 -914
5921 1 201
5922 1 -285
5923 1 304
5924 1 959
5925 1 -97
5926 1 676
5927 1 465
5928 1 -455
5930 1 -711
5932 1 130
5934 1 755
5936 1 -349
5938 1 -196
5941 1 598
5943 1 323
5945 1 352
5946 1 86
5948 1 -927
5952 1 -277
5953 1 -708
5955 1 -615
5959 1 -160
5960 1 -540
5961 1 -813
5962 1 692
5963 1 3
5964 1 961
5965 1 -903
5968 1 565
5970 1 816
5971 1 -796
5972 1 971
5973 1 -823
5974 1 100
5977 1 -597
5978 1 427
5979 1 475
5981 1 911
5982 1 -933
5984 1 396
5986 1 276
5987 1 88
5988 1 816
5989 1 -229
5992 1 -378
5994 1 865
5996 1 18
5998 1 -963
6000 1 899
6001 1 239
6002 1 692
6003 1 -171
6004 1 817
6005 1 -131
6006 1 -280
6007 1 -166
6008 1 -665
6011 1 831
6016 1 983
6021 1 799
6022 1 -496
6024 1 650
6026 1 -946
6032 1 591
6033 1 -534
6034 1 434
6035 1 -465
6039 1 -366
6041 1 -678
6045 1 622
6047 1 53
6048 1 849
6049 1 -582
6050 1 -328
6051 1 -770
6053 1 -746
6054 1 663
6055 1 130
6057 1 -780
6061 1 713
6064 1 -807
6065 1 -275
6066 1 963
6067 1 -460
6068 1 816
6069 1 -827
6071 1 -858
6076 1 83
6078 1 -90
6082 1 -352
6083 1 667
6084 1 -335
6085 1 740
6088 1 886
6092 1 -566
6095 1 363
6096 1 132
6099 1 -12
6101 1 -562
6102 1 -376
6103 1 -966
6104 1 955
6106 1 909
6107 1 764
6108 1 -556
6109 1 -939
6111 1 -347
6112 1 587
6113 1 -387
6115 1 -898
6116 1 883
6117 1 -959
6118 1 275
6121 1 -714
6122 1 -763
6123 1 210
6125 1 842
6128 1 13
6129 1 -744
6131 1 816
6133 1 -490
6134 1 -216
6140 1 -444
6141 1 -571
6143 1 -431
6145 1 810
6146 1 -772
6147 1 -152
6148 1 740
6149 1 -318
6151 1 -379
6154 1 -461
6158 1 -771
6161 1 69
6167 1 -415
6169 1 397
6170 1 -567
6173 1 -436
6175 1 -68
6177 1 -930
6182 1 797
6185 1 -590
6187 1 -863
6189 1 -236
6191 1 -552
6194 1 -990
6199 1 623
6200 1 333
6202 1 -296
6205 1 -287
6206 1 -305
6212 1 740
6217 1 -855
6218 1 -664
6219 1 -834
6225 1 900
6227 1 -543
6230 1 304
6232 1 509
6237 1 500
6239 1 648
6240 1 507
6241 1 383
6242 1 -819
6244 1 -771
6247 1 363
6248 1 -82
6251 1 298
6253 1 -861
6254 1 -282
6258 1 -374
6259 1 941
6260 1 525
6263 1 523
6264 1 -184
6266 1 -507
6267 1 -73
6268 1 -902
6270 1 -410
6271 1 -290
6275 1 543
6276 1 -224
6277 1 -625
6280 1 337
6281 1 -725
6283 1 708
6284 1 -178
6286 1 243
6287 1 656
6288 1 -354
6293 1 -868
6298 1 -616
6299 1 690
6301 1 -954
6302 1 -134
6304 1 -172
6306 1 -614
6308 1 784
6310 1 -970
6311 1 -484
6312 1 778
6315 1 -110
6316 1 323
6318 1 879
6325 1 -945
6326 1 339
6327 1 -229
6329 1 -947
6331 1 602
6332 1 -655
6333 1 -923
6334 1 894
6336 1 675
6342 1 447
6343 1 387
6346 1 -34
6347 1 240
6348 1 539
6351 1 -283
6352 1 -190
6353 1 833
6354 1 -54
6355 1 871
6356 1 161
6357 1 753
6360 1 -840
6361 1 -202
6364 1 -369
6366 1 -618
6368 1 -657
6370 1 709
6372 1 183
6373 1 778
6375 1 308
6377 1 267
6379 1 774
6380 1 -917
6381 1 -62
6384 1 959
6385 1 -475
6386 1 -922
6387 1 -104
6388 1 -451
6390 1 -573
6394 1 516
6395 1 100
6396 1 -156
6401 1 501
6402 1 -346
6403 1 -471
6404 1 -924
6405 1 363
6407 1 -609
6409 1 -34
6410 1 117
6413 1 810
6414 1 905
6415 1 -929
6417 1 -51
6420 1 361
6422 1 619
6423 1 -488
6425 1 172
6427 1 -705
6428 1 585
6429 1 -652
6431 1 -304
6434 1 152
6437 1 761
6442 1 -837
6443 1 -116
6444 1 958
6445 1 -574
6451 1 50
6453 1 355
6454 1 -216
6455 1 988
6457 1 -431
6458 1 -138
6459 1 857
6460 1 19
6461 1 -898
6462 1 167
6464 1 -165
6465 1 451
6468 1 52
6469 1 911
6472 1 -383
6474 1 945
6476 1 -332
6481 1 432
6484 1 689
6486 1 332
6489 1 82
6490 1 -392
6491 1 -564
6492 1 106
6494 1 -697
6495 1 312
6496 1 -977
6497 1 -589
6498 1 17
6502 1 315
6506 1 -452
6512 1 135
6513 1 -521
6514 1 -833
6516 1 -317
6517 1 -784
6519 1 927
6521 1 288
6522 1 -871
6523 1 -644
6524 1 37
6526 1 381
6528 1 -796
6530 1 -243
6533 1 -661
6535 1 -766
6536 1 876
6538 1 -59
6545 1 -682
6546 1 -20
6547 1 -864
6548 1 217
6549 1 325
6551 1 539
6552 1 -752
6553 1 -736
6557 1 668
6564 1 -273
6565 1 229
6567 1 -31
6568 1 -391
6570 1 603
6574 1 -127
6575 1 150
6578 1 862
6579 1 -463
6581 1 446
6582 1 -280
6584 1 -53
6585 1 -975
6586 1 913
6588 1 26
6592 1 -573
6596 1 -66
6597 1 -717
6599 1 519
6602 1 911
6606 1 600
6607 1 -309
6608 1 292
6609 1 990
6610 1 938
6611 1 878
6613 1 546
6618 1 267
6621 1 -579
6622 1 84
6623 1 594
6627 1 -252
6630 1 329
6631 1 -367
6633 1 -413
6635 1 487
6636 1 -87
6639 1 311
6641 1 287
6644 1 510
6645 1 221
6648 1 975
6651 1 -151
6652 1 -793
6653 1 837
6659 1 -943
6660 1 -827
6664 1 -258
6665 1 990
6666 1 -344
6667 1 -127
6669 1 617
6676 1 -392
6678 1 -429
6679 1 816
6680 1 -909
6684 1 657
6686 1 666
6687 1 -115
6690 1 -33
6691 1 -20
6693 1 388
6696 1 614
6698 1 -265
6699 1 137
6701 1 752
6704 1 248
6705 1 -562
6706 1 960
6708 1 -576
6710 1 531
6711 1 894
6713 1 696
6714 1 451
6717 1 -552
6719 1 -182
6721 1 -332
6722 1 953
6725 1 839
6728 1 769
6730 1 -530
6731 1 -401
6732 1 -895
6735 1 -783
6737 1 60
6739 1 383
6742 1 -962
6743 1 302
6744 1 -577
6745 1 652
6747 1 638
6748 1 -282
6749 1 129
6750 1 636
6751 1 603
6754 1 -470
6755 1 -695
6756 1 773
6757 1 343
6759 1 789
6761 1 143
6763 1 873
6765 1 200
6769 1 314
6770 1 586
6771 1 664
6772 1 -171
6773 1 -714
6775 1 696
6782 1 -295
6784 1 -622
6785 1 -548
6787 1 -792
6789 1 721
6792 1 698
6793 1 520
6795 1 943
6796 1 -356
6797 1 -68
6800 1 827
6801 1 56
6802 1 286
6805 1 934
6810 1 753
6812 1 -189
6813 1 986
6819 1 577
6820 1 251
6821 1 -8
6823 1 -567
6824 1 87
6827 1 -66
6832 1 209
6834 1 196
6836 1 190
6840 1 -191
6841 1 -626
6842 1 531
6843 1 990
6844 1 -28
6845 1 -628
6849 1 -372
6852 1 606
6854 1 309
6857 1 -252
6858 1 -47
6860 1 507
6861 1 204
6862 1 -105
6863 1 293
6866 1 -896
6873 1 -926
6874 1 205
6876 1 956
6877 1 148
6879 1 424
6880 1 -211
6881 1 -965
6885 1 659
6888 1 -417
6894 1 973
6897 1 -766
6898 1 593
6900 1 668
6901 1 -173
6902 1 781
6903 1 -292
6906 1 497
6908 1 743
6909 1 -926
6910 1 660
6916 1 -78
6917 1 602
6920 1 806
6921 1 -212
6922 1 -584
6924 1 -855
6927 1 -4
6930 1 -921
6931 1 -789
6933 1 -749
6934 1 542
6935 1 106
6936 1 -227
6938 1 -571
6939 1 836
6941 1 -354
6942 1 -963
6945 1 -633
6946 1 99
6948 1 -431
6950 1 -40
6951 1 -152
6952 1 792
6953 1 36
6958 1 -505
6959 1 -528
6961 1 -679
6962 1 -321
6965 1 -976
6967 1 962
6969 1 786
6970 1 676
6977 1 126
6979 1 -551
6982 1 568
6985 1 -739
6992 1 -701
6997 1 -380
6999 1 330
7000 1 -242
7004 1 -224
7005 1 -748
7008 1 820
7012 1 673
7014 1 -149
7015 1 -457
7016 1 -383
7018 1 -930
7027 1 761
7028 1 814
7030 1 -439
7034 1 505
7035 1 648
7036 1 991
7037 1 -355
7038 1 757
7043 1 286
7045 1 -403
7047 1 113
7050 1 -839
7057 1 184
7065 1 -454
7066 1 882
7068 1 -618
7069 1 329
7070 1 -536
7071 1 -134
7075 1 -267
7076 1 95
7077 1 519
7079 1 -689
7080 1 -469
7082 1 -848
7083 1 657
7084 1 -315
7085 1 460
7089 1 -463
7093 1 806
7094 1 -82
7095 1 391
7101 1 -502
7103 1 3
7104 1 -225
7106 1 235
7107 1 -756
7108 1 221
7110 1 443
7111 1 96
7113 1 609
7116 1 -230
7121 1 303
7124 1 -855
7125 1 -696
7127 1 -92
7129 1 -455
7130 1 637
7131 1 246
7132 1 -738
7137 1 -737
7138 1 228
7139 1 578
7140 1 178
7141 1 -255
7142 1 -46
7145 1 956
7146 1 -994
7148 1 775
7149 1 715
7152 1 -777
7155 1 -304
7156 1 993
7158 1 -161
7159 1 -486
7162 1 263
7165 1 -932
7166 1 606
7167 1 -370
7168 1 -862
7170 1 -30
7173 1 -416
7174 1 -600
7177 1 -621
7180 1 331
7181 1 -211
7182 1 -348
7185 1 -786
7187 1 -155
7188 1 -431
7189 1 -355
7194 1 -59
7199 1 621
7200 1 -257
7201 1 141
7203 1 690
7206 1 -292
7210 1 -437
7211 1 893
7212 1 916
7214 1 100
7218 1 -104
7219 1 565
7220 1 -726
7221 1 -895
7222 1 849
7226 1 -186
7229 1 -900
7234 1 -592
7237 1 136
7245 1 829
7246 1 362
7251 1 814
7253 1 -214
7260 1 -518
7261 1 74
7263 1 -63
7265 1 958
7268 1 251
7269 1 587
7270 1 -520
7271 1 507
7272 1 139
7274 1 -240
7275 1 -337
7277 1 -408
7278 1 957
7281 1 -992
7283 1 -98
7284 1 -476
7285 1 741
7286 1 -960
7287 1 376
7288 1 836
7290 1 973
7291 1 743
7292 1 511
7295 1 984
7298 1 119
7299 1 72
7303 1 345
7304 1 990
7306 1 -422
7312 1 -215
7313 1 146
7314 1 -999
7315 1 -518
7316 1 -130
7317 1 -942
7319 1 328
7321 1 -900
7324 1 985
7327 1 378
7328 1 -723
7330 1 163
7332 1 997
7335 1 -879
7337 1 508
7338 1 -665
7341 1 -845
7343 1 355
7344 1 133
7347 1 -652
7348 1 223
7351 1 -296
7354 1 -487
7355 1 -579
7356 1 321
7357 1 -581
7359 1 809
7360 1 871
7361 1 -279
7363 1 603
7364 1 -555
7367 1 876
7368 1 -854
7370 1 289
7372 1 -155
7375 1 448
7378 1 172
7379 1 -59
7380 1 663
7381 1 -232
7383 1 -853
7389 1 -53
7390 1 358
7392 1 821
7395 1 -783
7396 1 200
7397 1 -964
7398 1 248
7400 1 786
7401 1 -793
7402 1 -469
7405 1 151
7406 1 -254
7410 1 -700
7411 1 -149
7413 1 -925
7414 1 -483
7416 1 837
7417 1 542
7418 1 534
7421 1 196
7422 1 -242
7436 1 -8
7438 1 614
7439 1 903
7441 1 -752
7444 1 735
7445 1 261
7449 1 -736
7450 1 587
7452 1 -630
7454 1 -152
7456 1 196
7458 1 -366
7459 1 109
7460 1 -558
7462 1 633
7463 1 -82
7466 1 -392
7467 1 -876
7469 1 188
7472 1 -551
7474 1 396
7475 1 963
7478 1 -75
7479 1 559
7480 1 -422
7482 1 -26
7483 1 819
7484 1 344
7486 1 -333
7487 1 644
7490 1 -114
7491 1 774
7492 1 -784
7494 1 834
7495 1 -622
7497 1 902
7498 1 275
7499 1 339
7502 1 361
7503 1 68
7504 1 -417
7505 1 819
7506 1 -179
7507 1 -461
7511 1 814
7513 1 -968
7517 1 744
7520 1 409
7521 1 790
7532 1 -75
7534 1 -49
7535 1 -843
7544 1 -285
7546 1 256
7550 1 443
7551 1 378
7553 1 582
7554 1 -197
7557 1 -687
7558 1 732
7559 1 -292
7561 1 -773
7563 1 -573
7568 1 -283
7570 1 -675
7571 1 -391
7572 1 -884
7573 1 -359
7575 1 -358
7578 1 397
7580 1 9
7581 1 -539
7591 1 605
7593 1 638
7595 1 -945
7596 1 -760
7598 1 693
7599 1 -572
7601 1 379
7604 1 -417
7608 1 -399
7611 1 -19
7612 1 -112
7614 1 680
7615 1 291
7617 1 908
7619 1 562
7621 1 -44
7622 1 39
7623 1 927
7625 1 243
7626 1 519
7628 1 710
7632 1 350
7636 1 -395
7638 1 -10
7640 1 497
7642 1 -11
7643 1 -354
7646 1 -624
7649 1 879
7652 1 -6
7653 1 -120
7654 1 -938
7656 1 990
7659 1 -2
7660 1 438
7661 1 966
7662 1 -472
7664 1 -253
7667 1 -843
7669 1 -441
7679 1 510
7680 1 -554
7681 1 590
7685 1 -434
7686 1 390
7687 1 -231
7688 1 -1
7690 1 775
7693 1 -603
7695 1 -573
7696 1 -991
7700 1 463
7703 1 381
7705 1 329
7709 1 187
7713 1 269
7716 1 679
7717 1 -65
7719 1 -454
7720 1 -448
7722 1 -413
7724 1 929
7727 1 -515
7728 1 736
7731 1 283
7736 1 -196
7737 1 612
7738 1 910
7742 1 95
7743 1 100
7745 1 -905
7747 1 -621
7749 1 1
7753 1 -679
7763 1 1
7764 1 -474
7765 1 641
7768 1 188
7771 1 -438
7772 1 -159
7775 1 815
7776 1 -286
7779 1 558
7781 1 803
7782 1 462
7786 1 542
7787 1 217
7788 1 -90
7789 1 -668
7790 1 976
7791 1 281
7794 1 822
7795 1 777
7796 1 903
7798 1 -977
7799 1 778
7800 1 340
7801 1 -222
7802 1 632
7803 1 -784
7804 1 511
7807 1 818
7808 1 -611
7809 1 654
7810 1 -532
7812 1 -614
7813 1 -133
7816 1 -839
7817 1 -635
7819 1 280
7820 1 -703
7823 1 519
7824 1 844
7825 1 734
7826 1 567
7828 1 -124
7829 1 -314
7830 1 -240
7834 1 301
7838 1 867
7839 1 973
7840 1 -293
7842 1 -150
7852 1 405
7853 1 -66
7854 1 -722
7855 1 -899
7856 1 -751
7857 1 -518
7858 1 -530
7860 1 115
7863 1 -734
7865 1 -996
7866 1 -224
7867 1 92
7868 1 716
7870 1 -788
7875 1 -308
7876 1 -513
7877 1 365
7878 1 -980
7879 1 835
7880 1 237
7882 1 945
7884 1 788
7885 1 -22
7886 1 525
7887 1 837
7891 1 -564
7892 1 996
7893 1 -671
7895 1 -343
7896 1 -303
7897 1 809
7898 1 -796
7900 1 -931
7901 1 -849
7904 1 266
7906 1 278
7907 1 -753
7913 1 -838
7914 1 -25
7915 1 -480
7917 1 569
7920 1 -848
7921 1 -274
7925 1 44
7926 1 101
7928 1 -987
7931 1 839
7932 1 -517
7934 1 -140
7935 1 -308
7936 1 211
7937 1 392
7938 1 -501
7940 1 760
7941 1 149
7942 1 85
7946 1 789
7948 1 766
7954 1 888
7955 1 366
7956 1 -181
7957 1 466
7960 1 -959
7963 1 -310
7965 1 -496
7967 1 981
7968 1 780
7970 1 126
7971 1 -322
7974 1 73
7975 1 919
7976 1 -941
7977 1 -567
7978 1 -61
7985 1 186
7986 1 -402
7990 1 -527
7993 1 144
7995 1 -695
7996 1 -376
7998 1 -328
7999 1 366
8000 1 -31
8002 1 298
8004 1 -595
8008 1 -166
8012 1 -873
8013 1 739
8016 1 276
8020 1 -708
8022 1 539
8026 1 -882
8029 1 -167
8031 1 -555
8033 1 -904
8034 1 314
8035 1 342
8036 1 -434
8037 1 431
8046 1 849
8055 1 747
8056 1 960
8057 1 69
8058 1 724
8060 1 -661
8062 1 -980
8064 1 64
8072 1 949
8075 1 823
8079 1 -78
8080 1 -315
8081 1 975
8082 1 427
8083 1 -584
8084 1 659
8085 1 291
8087 1 369
8091 1 843
8092 1 -983
8095 1 665
8099 1 277
8103 1 -773
8105 1 971
8108 1 530
8111 1 936
8116 1 852
8118 1 -730
8125 1 -568
8126 1 -269
8128 1 -310
8137 1 -687
8138 1 -843
8140 1 131
8141 1 -386
8144 1 -227
8146 1 -885
8147 1 -175
8148 1 745
8149 1 332
8153 1 698
8154 1 -214
8155 1 -230
8157 1 607
8158 1 711
8159 1 820
8161 1 -669
8163 1 -721
8164 1 -691
8165 1 -917
8169 1 269
8171 1 927
8175 1 912
8177 1 316
8178 1 -310
8182 1 704
8184 1 -440
8187 1 -650
8188 1 -790
8189 1 101
8191 1 -449
8192 1 287
8194 1 414
8195 1 66
8198 1 -870
8201 1 -450
8205 1 -546
8206 1 813
8208 1 774
8210 1 909
8211 1 537
8213 1 -399
8220 1 393
8221 1 294
8222 1 295
8225 1 -630
8226 1 -503
8228 1 -447
8230 1 565
8232 1 352
8233 1 921
8236 1 350
8237 1 808
8243 1 -549
8244 1 889
8245 1 -445
8246 1 -864
8247 1 -398
8249 1 723
8251 1 479
8254 1 284
8255 1 841
8256 1 635
8259 1 -578
8260 1 -293
8266 1 -60
8267 1 514
8268 1 -142
8269 1 -79
8273 1 535
8275 1 -729
8276 1 734
8277 1 -365
8280 1 850
8283 1 839
8284 1 142
8285 1 321
8287 1 -224
8289 1 834
8290 1 217
8295 1 70
8296 1 -915
8301 1 228
8302 1 -85
8304 1 -805
8306 1 35
8307 1 -984
8309 1 287
8310 1 469
8311 1 488
8313 1 -390
8314 1 -8
8315 1 321
8316 1 956
8319 1 -833
8323 1 505
8325 1 -302
8328 1 954
8332 1 157
8333 1 -950
8334 1 -886
8336 1 133
8337 1 988
8339 1 -54
8340 1 760
8341 1 -945
8343 1 -707
8344 1 -173
8346 1 603
8348 1 -460
8352 1 720
8354 1 618
8357 1 -55
8358 1 832
8359 1 870
8361 1 289
8362 1 -218
8364 1 -10
8367 1 744
8368 1 585
8369 1 -541
8372 1 -682
8374 1 517
8377 1 365
8379 1 -600
8383 1 685
8387 1 726
8391 1 559
8392 1 -52
8394 1 -406
8397 1 -294
8399 1 -705
8401 1 302
8402 1 149
8403 1 233
8406 1 409
8408 1 49
8411 1 87
8414 1 17
8415 1 532
8416 1 144
8418 1 997
8419 1 -866
8420 1 -720
8423 1 -655
8424 1 -34
8425 1 -360
8426 1 184
8430 1 655
8432 1 -346
8434 1 -443
8437 1 487
8438 1 105
8439 1 -750
8443 1 410
8445 1 820
8447 1 762
8451 1 536
8455 1 189
8456 1 564
8459 1 686
8461 1 -598
8468 1 -41
8471 1 -719
8474 1 -316
8475 1 43
8476 1 796
8482 1 122
8483 1 80
8487 1 715
8488 1 892
8489 1 948
8490 1 73
8494 1 396
8496 1 -791
8499 1 812
8501 1 -187
8502 1 154
8503 1 -157
8504 1 23
8505 1 223
8506 1 653
8508 1 -88
8509 1 -374
8510 1 -509
8511 1 -806
8513 1 337
8515 1 -258
8516 1 398
8520 1 -388
8522 1 699
8523 1 890
8524 1 -813
8531 1 -111
8532 1 319
8535 1 -324
8536 1 487
8537 1 -517
8539 1 -379
8541 1 -46
8542 1 245
8543 1 571
8544 1 -416
8545 1 169
8546 1 -441
8547 1 732
8548 1 725
8553 1 -624
8554 1 773
8555 1 593
8558 1 -384
8560 1 -826
8562 1 -231
8565 1 367
8566 1 -486
8567 1 134
8568 1 -234
8569 1 -1
8574 1 -119
8578 1 172
8580 1 615
8582 1 -600
8585 1 -442
8586 1 -562
8587 1 -603
8589 1 -251
8592 1 -837
8594 1 399
8599 1 770
8601 1 550
8604 1 546
8607 1 -61
8611 1 620
8614 1 565
8615 1 903
8620 1 -971
8621 1 -831
8624 1 76
8629 1 142
8630 1 -452
8631 1 -108
8633 1 403
8634 1 114
8636 1 161
8639 1 -866
8642 1 63
8646 1 469
8648 1 661
8654 1 901
8656 1 290
8657 1 -626
8658 1 -835
8659 1 219
8661 1 714
8665 1 -651
8666 1 393
8671 1 548
8677 1 -144
8678 1 -103
8681 1 529
8682 1 -232
8684 1 -703
8687 1 -188
8688 1 620
8690 1 -254
8692 1 159
8698 1 -516
8699 1 -83
8701 1 811
8703 1 32
8704 1 906
8705 1 -539
8706 1 26
8708 1 944
8710 1 160
8711 1 -493
8713 1 -863
8715 1 408
8716 1 906
8717 1 915
8723 1 -672
8727 1 46
8728 1 -138
8732 1 -775
8734 1 -340
8735 1 869
8737 1 -310
8738 1 82
8739 1 664
8742 1 806
8743 1 -973
8744 1 193
8745 1 -944
8746 1 69
8747 1 28
8748 1 305
8751 1 -540
8753 1 -967
8757 1 243
8758 1 -734
8761 1 790
8762 1 520
8763 1 -988
8764 1 -446
8767 1 -791
8768 1 -911
8769 1 884
8770 1 -736
8771 1 986
8772 1 352
8776 1 -785
8779 1 -252
8780 1 -514
8781 1 -166
8784 1 779
8785 1 -93
8786 1 225
8788 1 -529
8789 1 408
8790 1 201
8791 1 584
8792 1 -485
8794 1 985
8796 1 -117
8797 1 -464
8799 1 880
8800 1 -368
8802 1 -480
8803 1 -824
8804 1 -839
8805 1 -733
8807 1 -42
8808 1 458
8809 1 -356
8812 1 946
8818 1 24
8820 1 -946
8823 1 -37
8824 1 -976
8826 1 873
8827 1 -458
8828 1 -19
8830 1 -426
8831 1 464
8832 1 609
8836 1 -70
8837 1 930
8838 1 -162
8839 1 430
8840 1 733
8843 1 -890
8845 1 -726
8849 1 131
8855 1 -813
8857 1 -547
8865 1 -679
8866 1 -841
8870 1 -705
8872 1 -710
8874 1 -460
8885 1 -985
8891 1 729
8892 1 -924
8893 1 309
8896 1 895
8898 1 -603
8899 1 942
8900 1 -596
8901 1 -423
8902 1 -553
8905 1 -602
8908 1 840
8912 1 358
8914 1 -913
8919 1 125
8922 1 -938
8925 1 507
8927 1 167
8928 1 -611
8931 1 -639
8932 1 -671
8934 1 129
8937 1 -109
8938 1 49
8939 1 412
8942 1 944
8946 1 -81
8948 1 662
8949 1 86
8953 1 27
8954 1 -857
8955 1 776
8960 1 -429
8964 1 -771
8966 1 662
8968 1 -903
8972 1 535
8973 1 299
8977 1 -532
8980 1 -183
8984 1 -261
8985 1 -766
8987 1 -837
8989 1 -627
8990 1 597
8991 1 307
8992 1 -418
8997 1 502
8998 1 -355
9000 1 -478
9003 1 -210
9005 1 50
9008 1 402
9009 1 -976
9012 1 960
9013 1 195
9014 1 649
9017 1 -935
9018 1 -826
9019 1 -978
9020 1 -494
9021 1 211
9023 1 -947
9027 1 992
9029 1 633
9030 1 399
9031 1 -12
9032 1 -150
9035 1 259
9040 1 808
9042 1 -152
9043 1 -936
9045 1 430
9048 1 -227
9049 1 -830
9050 1 287
9052 1 952
9054 1 -513
9056 1 502
9057 1 386
9060 1 183
9063 1 -160
9064 1 -817
9066 1 596
9067 1 -321
9068 1 371
9069 1 -106
9074 1 39
9075 1 218
9076 1 22
9077 1 -45
9078 1 -379
9081 1 -570
9084 1 -527
9087 1 -489
9088 1 453
9091 1 -570
9092 1 308
9093 1 562
9095 1 982
9098 1 950
9099 1 177
9101 1 958
9102 1 402
9104 1 -148
9106 1 528
9107 1 112
9108 1 -109
9109 1 -149
9110 1 222
9112 1 -739
9114 1 -546
9115 1 -579
9118 1 -535
9120 1 -531
9123 1 551
9124 1 -704
9130 1 -196
9131 1 -503
9134 1 -232
9135 1 -50
9136 1 886
9137 1 -868
9138 1 299
9142 1 -871
9145 1 457
9146 1 618
9148 1 -503
9151 1 -230
9153 1 -839
9156 1 130
9157 1 828
9158 1 387
9160 1 360
9161 1 -709
9169 1 740
9172 1 102
9173 1 -822
9175 1 -297
9178 1 -54
9185 1 -379
9187 1 -238
9188 1 -108
9189 1 804
9190 1 -105
9193 1 956
9196 1 -485
9198 1 618
9200 1 -200
9203 1 -79
9204 1 -565
9205 1 -161
9211 1 -486
9213 1 645
9215 1 -533
9216 1 113
9218 1 218
9219 1 492
9220 1 -54
9222 1 -664
9225 1 -650
9229 1 559
9230 1 120
9234 1 608
9236 1 -19
9238 1 665
9240 1 -581
9241 1 824
9244 1 -109
9245 1 -234
9246 1 -370
9247 1 955
9248 1 -624
9249 1 446
9250 1 -126
9252 1 -734
9254 1 -484
9255 1 682
9256 1 806
9257 1 230
9261 1 226
9263 1 -403
9265 1 831
9267 1 -223
9268 1 979
9271 1 -626
9274 1 -395
9276 1 301
9277 1 -950
9278 1 -38
9279 1 -878
9280 1 -346
9282 1 -988
9283 1 605
9285 1 400
9287 1 544
9289 1 989
9290 1 766
9291 1 660
9292 1 44
9293 1 356
9296 1 246
9301 1 538
9302 1 -871
9303 1 294
9304 1 256
9305 1 593
9307 1 273
9309 1 768
9311 1 -701
9312 1 -65
9314 1 785
9316 1 77
9317 1 -352
9319 1 605
9321 1 243
9324 1 -413
9325 1 327
9326 1 35
9327 1 -344
9328 1 477
9329 1 780
9331 1 811
9332 1 163
9335 1 580
9336 1 -183
9337 1 -315
9338 1 553
9339 1 -517
9340 1 -734
9341 1 635
9343 1 842
9344 1 426
9347 1 395
9348 1 -210
9349 1 262
9351 1 832
9352 1 264
9357 1 -526
9360 1 -829
9361 1 212
9362 1 -888
9364 1 -699
9365 1 -459
9366 1 828
9367 1 -173
9370 1 -196
9371 1 614
9373 1 -474
9375 1 36
9376 1 817
9377 1 486
9379 1 -678
9380 1 956
9381 1 319
9383 1 182
9385 1 858
9386 1 594
9389 1 -539
9390 1 676
9392 1 929
9393 1 -994
9394 1 246
9395 1 -162
9396 1 187
9398 1 923
9399 1 -54
9400 1 -608
9401 1 -422
9403 1 -363
9405 1 921
9407 1 891
9409 1 -96
9410 1 391
9413 1 405
9414 1 787
9415 1 -275
9417 1 -58
9418 1 -954
9425 1 -695
9429 1 -5
9430 1 -330
9433 1 -383
9435 1 -810
9436 1 703
9439 1 -265
9440 1 163
9441 1 -502
9442 1 4
9443 1 -313
9444 1 -726
9447 1 583
9448 1 -668
9451 1 317
9457 1 35
9458 1 -547
9460 1 382
9462 1 -326
9464 1 -407
9468 1 -263
9469 1 517
9470 1 503
9472 1 942
9473 1 -474
9475 1 -351
9476 1 843
9482 1 -157
9483 1 923
9484 1 730
9486 1 -972
9487 1 999
9490 1 -417
9493 1 621
9498 1 442
9499 1 895
9502 1 265
9504 1 846
9508 1 465
9510 1 562
9513 1 897
9514 1 450
9517 1 667
9518 1 6
9524 1 -449
9525 1 -770
9528 1 -367
9529 1 187
9534 1 210
9535 1 596
9537 1 836
9538 1 41
9539 1 -978
9541 1 883
9542 1 983
9544 1 17
9546 1 -146
9548 1 -472
9550 1 852
9551 1 -609
9556 1 -259
9557 1 -868
9558 1 -894
9560 1 -938
9562 1 -737
9563 1 -586
9565 1 -24
9571 1 756
9572 1 992
9573 1 887
9577 1 598
9578 1 -631
9579 1 -647
9580 1 -983
9586 1 278
9588 1 206
9595 1 48
9597 1 -917
9598 1 -128
9599 1 -640
9600 1 233
9602 1 115
9604 1 -943
9607 1 -599
9608 1 833
9610 1 557
9612 1 -805
9616 1 821
9617 1 948
9623 1 818
9625 1 -967
9627 1 -158
9628 1 903
9630 1 731
9631 1 618
9632 1 -459
9635 1 -56
9636 1 941
9639 1 -143
9640 1 -693
9643 1 -497
9645 1 -891
9648 1 -90
9658 1 184
9659 1 -241
9662 1 42
9664 1 803
9669 1 -994
9671 1 -344
9672 1 -64
9674 1 -731
9675 1 886
9676 1 716
9680 1 -527
9682 1 790
9684 1 791
9685 1 -903
9686 1 -937
9688 1 -252
9689 1 -375
9692 1 474
9694 1 -491
9695 1 861
9696 1 -96
9699 1 336
9700 1 267
9702 1 884
9703 1 993
9705 1 329
9706 1 639
9708 1 -201
9717 1 -960
9718 1 231
9721 1 393
9723 1 -626
9724 1 74
9727 1 305
9729 1 -22
9732 1 423
9734 1 459
9735 1 -852
9736 1 814
9737 1 491
9739 1 -691
9740 1 783
9742 1 834
9743 1 81
9744 1 -303
9747 1 687
9748 1 -597
9753 1 812
9754 1 844
9759 1 -382
9763 1 -898
9765 1 -121
9766 1 -225
9769 1 914
9770 1 -560
9772 1 944
9776 1 14
9780 1 326
9781 1 873
9782 1 -939
9784 1 -784
9785 1 -47
9786 1 986
9794 1 814
9796 1 319
9797 1 -907
9804 1 620
9805 1 -818
9810 1 500
9811 1 -58
9812 1 563
9813 1 325
9814 1 -267
9815 1 237
9818 1 4
9820 1 165
9821 1 -97
9822 1 553
9824 1 895
9825 1 117
9829 1 348
9830 1 666
9838 1 884
9840 1 -551
9842 1 -197
9846 1 -417
9847 1 273
9848 1 26
9849 1 918
9851 1 735
9854 1 195
9856 1 427
9857 1 311
9859 1 526
9860 1 -253
9863 1 -554
9864 1 113
9866 1 751
9872 1 955
9874 1 858
9875 1 973
9876 1 -631
9881 1 785
9882 1 -472
9887 1 -569
9889 1 127
9891 1 -214
9892 1 883
9893 1 701
9895 1 -431
9896 1 -448
9897 1 970
9898 1 -14
9900 1 -457
9901 1 41
9902 1 -715
9906 1 514
9907 1 -455
9908 1 -662
9912 1 -179
9915 1 -101
9916 1 -107
9917 1 108
9921 1 487
9922 1 -908
9924 1 -436
9925 1 718
9926 1 -819
9929 1 554
9931 1 -955
9932 1 429
9934 1 -485
9936 1 867
9940 1 -986
9942 1 -827
9946 1 870
9947 1 -425
9949 1 -124
9950 1 288
9951 1 -366
9953 1 349
9954 1 576
9955 1 72
9957 1 -105
9960 1 392
9963 1 687
9964 1 335
9965 1 198
9969 1 -966
9972 1 -150
9974 1 586
9976 1 -744
9978 1 -925
9979 1 -863
9983 1 173
9984 1 162
9985 1 -500
9987 1 427
9988 1 -539
9992 1 -77
9994 1 -908
9995 1 873
9998 1 94
