1 10000 5033
1 1 -725
1 3 -995
1 6 -71
1 10 465
1 12 -727
1 15 -359
1 17 -515
1 18 522
1 19 660
1 23 335
1 24 -309
1 25 -866
1 26 841
1 27 427
1 30 -135
1 32 -879
1 35 -181
1 36 501
1 40 935
1 41 665
1 42 -889
1 43 -257
1 44 -670
1 45 9
1 47 -869
1 49 190
1 50 32
1 52 -751
1 53 -389
1 54 952
1 55 -494
1 58 -81
1 60 883
1 62 -890
1 66 141
1 67 -651
1 69 -857
1 72 584
1 74 -313
1 75 744
1 76 372
1 77 579
1 79 252
1 80 488
1 81 515
1 82 253
1 85 311
1 87 91
1 89 -861
1 90 872
1 94 742
1 95 227
1 96 -575
1 99 240
1 100 -121
1 102 -961
1 103 239
1 106 259
1 107 726
1 110 -33
1 111 195
1 112 52
1 114 862
1 115 -644
1 117 558
1 119 805
1 121 93
1 122 -278
1 123 -940
1 127 -936
1 128 992
1 129 -374
1 130 996
1 132 -784
1 133 -23
1 139 723
1 140 -905
1 146 -984
1 147 634
1 148 722
1 150 -881
1 153 273
1 154 -664
1 156 133
1 157 370
1 159 -59
1 160 -108
1 161 853
1 164 548
1 165 16
1 169 -280
1 170 375
1 171 131
1 174 -389
1 175 -178
1 177 499
1 178 -750
1 179 -941
1 184 767
1 185 94
1 187 -26
1 188 -722
1 190 887
1 194 800
1 195 781
1 197 -245
1 199 -75
1 209 444
1 210 904
1 212 -574
1 213 112
1 214 306
1 216 -600
1 217 -43
1 218 479
1 219 -336
1 220 -390
1 221 -601
1 225 643
1 232 -790
1 233 -776
1 236 205
1 239 844
1 240 -290
1 242 -225
1 245 909
1 246 -653
1 248 -287
1 249 935
1 254 9
1 255 112
1 256 -125
1 257 431
1 261 -628
1 263 60
1 265 -404
1 266 914
1 270 -46
1 272 -33
1 274 -964
1 277 -691
1 279 -506
1 282 -880
1 283 -499
1 291 -169
1 293 727
1 294 -25
1 297 -531
1 298 -630
1 300 -735
1 302 -299
1 304 -979
1 306 134
1 307 609
1 308 -278
1 310 948
1 311 -737
1 312 441
1 314 988
1 315 -230
1 318 350
1 321 -835
1 324 -804
1 325 378
1 326 -304
1 328 -721
1 329 668
1 330 -644
1 333 -306
1 338 -143
1 339 -374
1 341 -758
1 342 280
1 344 -90
1 345 -803
1 346 -852
1 347 597
1 350 320
1 351 -605
1 352 208
1 353 946
1 355 -890
1 356 -661
1 358 250
1 359 719
1 360 -285
1 361 159
1 362 965
1 363 179
1 365 -361
1 368 -81
1 370 103
1 372 -919
1 375 -926
1 376 171
1 377 -713
1 378 -61
1 380 877
1 381 513
1 385 699
1 386 -391
1 387 81
1 389 -603
1 390 742
1 391 23
1 392 -930
1 393 -767
1 396 85
1 399 585
1 400 -587
1 401 50
1 402 -49
1 403 261
1 404 141
1 405 -689
1 406 181
1 408 -459
1 410 880
1 411 995
1 413 737
1 415 916
1 420 -51
1 424 713
1 425 -748
1 427 -195
1 428 -907
1 430 -489
1 431 382
1 432 61
1 433 -381
1 434 32
1 435 -883
1 437 -672
1 438 557
1 440 713
1 445 206
1 446 282
1 452 -879
1 458 -742
1 459 -477
1 462 428
1 463 -991
1 465 -32
1 466 -69
1 467 -351
1 469 222
1 470 -233
1 472 -30
1 475 306
1 478 -856
1 479 560
1 480 -292
1 481 -235
1 482 151
1 483 608
1 485 273
1 486 659
1 488 -756
1 491 288
1 492 498
1 495 257
1 498 -841
1 499 -942
1 500 66
1 501 56
1 502 -29
1 504 57
1 505 902
1 509 -953
1 511 755
1 515 253
1 516 -963
1 519 -33
1 520 173
1 524 494
1 525 -900
1 527 -711
1 532 952
1 533 686
1 535 709
1 537 660
1 541 756
1 542 -635
1 544 138
1 545 856
1 546 350
1 548 13
1 549 -251
1 550 -108
1 555 164
1 556 -374
1 561 94
1 568 -794
1 569 771
1 570 693
1 574 -116
1 576 868
1 577 129
1 580 435
1 581 29
1 582 -596
1 583 163
1 585 -68
1 586 -364
1 587 -603
1 588 849
1 589 -490
1 595 -51
1 596 238
1 598 305
1 602 -942
1 606 -717
1 607 366
1 608 114
1 610 689
1 611 -460
1 612 2
1 614 104
1 618 -554
1 619 306
1 620 287
1 621 248
1 623 -39
1 626 -559
1 629 -12
1 631 227
1 634 -588
1 639 264
1 640 -705
1 641 -626
1 642 399
1 643 998
1 646 -270
1 648 486
1 649 116
1 650 173
1 652 -864
1 653 555
1 655 148
1 658 89
1 660 268
1 663 108
1 664 -157
1 665 395
1 666 -136
1 670 -951
1 674 -712
1 676 255
1 678 427
1 679 -860
1 680 -705
1 681 -644
1 683 -660
1 685 264
1 686 -952
1 687 421
1 689 -927
1 690 586
1 693 -926
1 695 939
1 697 846
1 698 336
1 699 -196
1 700 -790
1 701 -79
1 702 -459
1 705 615
1 710 -948
1 711 946
1 715 292
1 716 547
1 717 400
1 718 423
1 720 475
1 721 -180
1 727 13
1 728 781
1 732 -237
1 734 508
1 738 -855
1 740 231
1 741 -330
1 743 -827
1 744 950
1 745 -234
1 747 -177
1 748 498
1 752 -821
1 755 829
1 756 -195
1 758 -41
1 761 -766
1 766 -67
1 768 934
1 769 730
1 770 381
1 773 -575
1 774 -627
1 775 557
1 776 8
1 778 -984
1 779 -674
1 780 -392
1 781 181
1 786 825
1 787 929
1 789 -948
1 791 -410
1 793 -41
1 794 -633
1 796 -707
1 797 -79
1 798 504
1 799 -210
1 801 -951
1 803 11
1 804 -319
1 805 -476
1 806 952
1 808 -965
1 812 -392
1 813 74
1 814 455
1 818 -683
1 820 705
1 825 -194
1 826 -83
1 831 -628
1 834 759
1 838 -462
1 839 909
1 842 -244
1 844 424
1 846 516
1 847 -179
1 848 187
1 849 619
1 850 775
1 852 -512
1 854 923
1 857 -278
1 859 893
1 860 -703
1 868 -764
1 870 -29
1 872 -232
1 875 -388
1 877 -192
1 881 61
1 884 460
1 885 -88
1 887 164
1 889 -167
1 890 -289
1 892 47
1 893 737
1 894 -525
1 895 -263
1 896 -83
1 898 -867
1 900 -934
1 903 -13
1 904 952
1 905 -120
1 907 390
1 909 -795
1 911 -63
1 914 241
1 918 652
1 919 405
1 921 343
1 922 163
1 923 -882
1 924 -502
1 926 -100
1 927 313
1 928 -9
1 929 277
1 930 120
1 932 -847
1 933 -806
1 934 569
1 936 315
1 939 942
1 942 197
1 944 798
1 946 226
1 947 950
1 949 354
1 955 3
1 960 -926
1 962 523
1 964 -812
1 966 -291
1 967 722
1 970 331
1 971 -464
1 974 750
1 975 -663
1 977 -440
1 978 679
1 979 111
1 982 898
1 984 881
1 985 194
1 988 992
1 989 62
1 993 -512
1 997 829
1 999 -58
1 1001 -227
1 1003 -955
1 1005 127
1 1006 -217
1 1008 -153
1 1011 -684
1 1014 903
1 1015 -288
1 1018 -877
1 1021 753
1 1022 -493
1 1023 279
1 1024 -221
1 1026 -705
1 1027 200
1 1029 -418
1 1030 525
1 1035 814
1 1038 -102
1 1040 -533
1 1041 151
1 1045 401
1 1048 567
1 1050 -266
1 1051 386
1 1053 -949
1 1054 -175
1 1056 -994
1 1060 -659
1 1062 904
1 1068 281
1 1069 -748
1 1071 493
1 1074 -491
1 1075 -941
1 1077 -240
1 1080 852
1 1082 477
1 1084 953
1 1086 944
1 1088 -597
1 1089 -294
1 1090 861
1 1091 659
1 1092 -62
1 1094 606
1 1095 -362
1 1097 -691
1 1098 -835
1 1100 -885
1 1101 -31
1 1103 483
1 1106 156
1 1107 421
1 1110 -353
1 1111 -581
1 1113 -732
1 1114 892
1 1116 -500
1 1118 -398
1 1120 -366
1 1122 -355
1 1124 359
1 1125 -774
1 1126 -709
1 1127 -398
1 1129 -39
1 1132 555
1 1136 516
1 1139 -29
1 1140 449
1 1142 -668
1 1143 41
1 1149 -465
1 1150 -695
1 1152 757
1 1153 696
1 1155 -415
1 1156 811
1 1157 -956
1 1160 996
1 1166 294
1 1168 616
1 1170 -984
1 1171 -857
1 1172 622
1 1173 480
1 1174 -434
1 1175 831
1 1176 -695
1 1177 224
1 1179 389
1 1180 -216
1 1181 303
1 1184 -633
1 1186 -655
1 1188 225
1 1190 965
1 1192 391
1 1193 851
1 1196 38
1 1197 398
1 1198 -813
1 1201 405
1 1206 339
1 1207 682
1 1211 -140
1 1215 663
1 1216 -714
1 1217 740
1 1218 -580
1 1219 -580
1 1227 429
1 1228 154
1 1229 596
1 1230 -270
1 1232 -76
1 1233 -623
1 1234 978
1 1235 460
1 1236 -921
1 1238 -402
1 1241 -646
1 1243 490
1 1244 -238
1 1246 597
1 1251 231
1 1255 -370
1 1256 -387
1 1261 -614
1 1266 669
1 1267 197
1 1268 -524
1 1269 792
1 1271 -405
1 1282 626
1 1285 778
1 1294 -785
1 1296 -831
1 1297 -73
1 1298 109
1 1302 -487
1 1303 -705
1 1306 769
1 1307 882
1 1310 -675
1 1312 130
1 1314 724
1 1315 335
1 1316 -400
1 1323 -923
1 1324 246
1 1332 -967
1 1333 -705
1 1337 487
1 1339 -432
1 1340 313
1 1342 361
1 1343 -4
1 1346 205
1 1347 -672
1 1350 624
1 1351 620
1 1352 40
1 1353 789
1 1354 -604
1 1355 -202
1 1356 235
1 1359 -524
1 1360 -993
1 1361 450
1 1364 -142
1 1373 -861
1 1374 -776
1 1376 223
1 1378 307
1 1379 -836
1 1381 544
1 1383 -337
1 1385 -236
1 1386 670
1 1390 340
1 1391 -426
1 1392 133
1 1394 -769
1 1396 -858
1 1398 -842
1 1399 767
1 1400 414
1 1402 411
1 1403 604
1 1406 -255
1 1407 -44
1 1408 -287
1 1411 799
1 1412 330
1 1415 -839
1 1416 -677
1 1418 356
1 1419 -784
1 1422 -244
1 1424 689
1 1427 613
1 1429 374
1 1434 928
1 1435 -475
1 1436 789
1 1437 -781
1 1438 -258
1 1439 136
1 1440 42
1 1443 391
1 1445 813
1 1446 -821
1 1447 178
1 1451 -907
1 1452 37
1 1453 586
1 1454 926
1 1455 160
1 1457 -616
1 1460 122
1 1461 -626
1 1463 53
1 1468 -804
1 1469 632
1 1471 -23
1 1474 -865
1 1478 634
1 1479 966
1 1480 -392
1 1481 22
1 1482 923
1 1483 398
1 1484 127
1 1487 901
1 1488 -17
1 1490 -311
1 1492 147
1 1493 34
1 1494 -445
1 1496 -227
1 1497 752
1 1500 -442
1 1502 914
1 1506 -400
1 1508 906
1 1510 879
1 1511 315
1 1512 846
1 1513 954
1 1516 -112
1 1519 270
1 1520 677
1 1521 577
1 1526 592
1 1527 -652
1 1528 -593
1 1534 -758
1 1537 178
1 1538 -722
1 1541 -239
1 1542 975
1 1543 185
1 1546 445
1 1548 645
1 1549 997
1 1551 382
1 1552 725
1 1554 -875
1 1560 561
1 1563 -203
1 1564 932
1 1567 -803
1 1568 641
1 1569 -702
1 1573 -144
1 1574 491
1 1578 -672
1 1579 133
1 1580 755
1 1581 -907
1 1584 -688
1 1585 -682
1 1588 -150
1 1589 933
1 1592 -755
1 1594 794
1 1603 -171
1 1604 -129
1 1612 -336
1 1613 -310
1 1614 728
1 1615 706
1 1616 996
1 1617 619
1 1619 -235
1 1620 -468
1 1627 -464
1 1628 61
1 1629 -788
1 1632 -834
1 1633 740
1 1634 -114
1 1635 653
1 1636 -612
1 1637 327
1 1639 438
1 1642 840
1 1644 -367
1 1646 26
1 1650 417
1 1652 -174
1 1654 -388
1 1655 538
1 1656 -202
1 1659 597
1 1660 407
1 1663 156
1 1664 -827
1 1666 659
1 1667 944
1 1668 885
1 1669 -903
1 1675 -400
1 1676 -448
1 1677 -302
1 1681 -865
1 1682 -261
1 1684 -392
1 1685 597
1 1689 -474
1 1690 501
1 1692 -757
1 1695 333
1 1697 264
1 1701 -637
1 1704 -394
1 1705 -882
1 1707 331
1 1710 387
1 1712 321
1 1713 -685
1 1714 -800
1 1715 794
1 1716 -559
1 1717 -29
1 1718 -292
1 1719 60
1 1721 482
1 1726 114
1 1728 -141
1 1729 603
1 1731 428
1 1734 544
1 1735 565
1 1736 345
1 1738 -707
1 1739 207
1 1741 -456
1 1743 -799
1 1744 114
1 1747 -416
1 1749 -267
1 1752 764
1 1753 336
1 1754 -782
1 1756 372
1 1757 551
1 1762 -944
1 1764 810
1 1766 828
1 1769 -149
1 1771 -46
1 1772 -616
1 1773 -587
1 1775 570
1 1778 -989
1 1779 289
1 1780 201
1 1785 451
1 1786 433
1 1787 -32
1 1789 -145
1 1792 -380
1 1793 -464
1 1794 -338
1 1795 -747
1 1797 474
1 1800 -685
1 1801 -866
1 1802 -516
1 1804 705
1 1805 -467
1 1806 984
1 1808 762
1 1810 855
1 1811 476
1 1812 -316
1 1813 -112
1 1814 -195
1 1816 712
1 1821 -31
1 1822 -103
1 1823 176
1 1824 301
1 1825 -139
1 1827 -971
1 1828 168
1 1830 716
1 1832 924
1 1833 770
1 1834 22
1 1837 543
1 1839 327
1 1843 -352
1 1845 437
1 1848 -813
1 1850 -99
1 1852 -429
1 1854 336
1 1855 -81
1 1856 -258
1 1857 464
1 1858 -592
1 1859 385
1 1861 -779
1 1862 167
1 1863 -58
1 1864 942
1 1865 942
1 1866 742
1 1867 575
1 1869 32
1 1871 -980
1 1873 952
1 1875 -209
1 1884 -642
1 1885 -188
1 1886 315
1 1887 427
1 1889 -948
1 1892 -5
1 1895 420
1 1896 -639
1 1898 856
1 1900 -972
1 1901 -424
1 1902 -415
1 1903 792
1 1904 457
1 1905 990
1 1906 273
1 1908 -354
1 1911 -945
1 1913 698
1 1914 345
1 1915 -288
1 1916 -333
1 1917 -716
1 1918 392
1 1921 874
1 1922 103
1 1923 -518
1 1924 805
1 1925 942
1 1931 813
1 1932 809
1 1936 -281
1 1937 547
1 1938 629
1 1941 195
1 1943 125
1 1945 310
1 1946 508
1 1947 144
1 1948 -749
1 1949 -337
1 1951 -168
1 1952 511
1 1955 -425
1 1957 725
1 1960 712
1 1961 -66
1 1963 -95
1 1965 -95
1 1966 -648
1 1968 934
1 1970 -802
1 1971 -249
1 1972 -488
1 1974 -711
1 1975 555
1 1976 718
1 1977 -30
1 1979 35
1 1980 -49
1 1982 869
1 1984 644
1 1989 -621
1 1991 943
1 1993 816
1 1994 194
1 2000 -577
1 2002 117
1 2005 -357
1 2008 -510
1 2009 397
1 2013 658
1 2014 192
1 2015 -666
1 2016 -564
1 2018 607
1 2019 196
1 2020 689
1 2021 -254
1 2024 -338
1 2028 125
1 2029 194
1 2031 -926
1 2033 -94
1 2034 -58
1 2035 -809
1 2037 -704
1 2038 396
1 2039 816
1 2041 -813
1 2043 -751
1 2044 -64
1 2045 -819
1 2046 259
1 2048 106
1 2049 -267
1 2050 -827
1 2052 51
1 2054 -64
1 2055 2
1 2058 -481
1 2059 -147
1 2061 -640
1 2062 752
1 2063 -382
1 2067 63
1 2069 25
1 2072 -50
1 2073 129
1 2076 685
1 2081 362
1 2084 -673
1 2085 258
1 2086 -325
1 2087 -678
1 2090 -163
1 2091 96
1 2092 946
1 2095 -189
1 2096 -511
1 2097 884
1 2099 -412
1 2102 506
1 2103 444
1 2105 -778
1 2110 701
1 2111 -792
1 2112 -64
1 2117 339
1 2119 -664
1 2120 -904
1 2124 586
1 2125 110
1 2126 590
1 2127 -338
1 2128 -582
1 2129 -992
1 2131 -614
1 2133 602
1 2136 320
1 2137 728
1 2140 923
1 2144 -971
1 2145 -824
1 2146 773
1 2149 533
1 2150 -377
1 2152 -839
1 2153 -517
1 2155 791
1 2156 -563
1 2157 18
1 2158 510
1 2161 957
1 2163 -665
1 2165 579
1 2166 -940
1 2169 -756
1 2171 -23
1 2172 268
1 2174 -79
1 2177 -270
1 2179 585
1 2180 131
1 2189 -321
1 2191 992
1 2195 -532
1 2198 120
1 2200 272
1 2204 756
1 2206 -256
1 2208 -370
1 2210 371
1 2213 998
1 2214 -437
1 2215 -495
1 2216 143
1 2217 733
1 2221 574
1 2222 -990
1 2224 -702
1 2229 394
1 2231 -91
1 2235 -164
1 2236 271
1 2238 -670
1 2241 54
1 2243 -924
1 2244 -971
1 2246 -506
1 2247 -908
1 2250 541
1 2252 634
1 2253 -383
1 2254 174
1 2255 -120
1 2259 -38
1 2260 255
1 2261 677
1 2262 -650
1 2265 -961
1 2267 -40
1 2268 -770
1 2272 256
1 2275 -20
1 2279 -940
1 2280 -276
1 2282 -552
1 2284 272
1 2287 -901
1 2288 -27
1 2291 -560
1 2292 577
1 2294 -440
1 2295 -77
1 2296 126
1 2299 -491
1 2302 575
1 2303 -118
1 2305 -57
1 2306 -373
1 2307 -606
1 2308 677
1 2309 -277
1 2312 -450
1 2313 -872
1 2314 -624
1 2319 987
1 2321 606
1 2323 857
1 2324 611
1 2325 542
1 2329 -219
1 2332 -373
1 2333 473
1 2334 -626
1 2335 -448
1 2336 353
1 2337 207
1 2339 -6
1 2340 616
1 2342 146
1 2343 -43
1 2346 -329
1 2348 -852
1 2350 -334
1 2351 60
1 2352 -419
1 2353 -350
1 2355 752
1 2356 930
1 2357 -39
1 2362 -588
1 2367 746
1 2369 -899
1 2371 311
1 2373 -465
1 2376 -671
1 2377 155
1 2379 988
1 2380 -777
1 2382 696
1 2383 -883
1 2386 -84
1 2387 690
1 2389 -223
1 2390 -505
1 2392 195
1 2394 340
1 2399 -518
1 2401 -360
1 2405 -749
1 2407 -691
1 2408 320
1 2411 983
1 2413 -504
1 2416 627
1 2417 315
1 2418 -402
1 2421 -84
1 2422 414
1 2423 -315
1 2425 357
1 2426 556
1 2427 700
1 2428 200
1 2430 -232
1 2431 -57
1 2434 236
1 2436 -377
1 2437 -311
1 2438 -326
1 2442 -224
1 2444 -608
1 2445 -242
1 2446 968
1 2449 971
1 2450 522
1 2453 -915
1 2455 -249
1 2456 299
1 2461 85
1 2463 40
1 2464 -751
1 2465 367
1 2466 -753
1 2468 86
1 2469 -494
1 2470 -25
1 2472 21
1 2473 769
1 2476 912
1 2478 -919
1 2480 857
1 2482 -894
1 2483 564
1 2484 73
1 2485 -94
1 2486 994
1 2491 762
1 2494 -480
1 2496 819
1 2498 473
1 2499 470
1 2505 304
1 2506 -928
1 2507 629
1 2508 -230
1 2510 -943
1 2512 614
1 2515 -283
1 2516 -563
1 2517 17
1 2518 880
1 2519 267
1 2523 -116
1 2524 168
1 2525 -845
1 2526 -309
1 2529 907
1 2531 -573
1 2532 992
1 2533 6
1 2535 670
1 2537 375
1 2538 -492
1 2539 -669
1 2545 664
1 2547 423
1 2548 166
1 2549 818
1 2550 -706
1 2554 -353
1 2555 20
1 2556 427
1 2561 679
1 2562 -686
1 2563 546
1 2564 -972
1 2565 -464
1 2566 50
1 2568 222
1 2569 311
1 2570 -144
1 2572 387
1 2576 650
1 2578 105
1 2579 420
1 2580 -784
1 2582 -984
1 2583 234
1 2587 814
1 2588 -384
1 2589 152
1 2590 472
1 2591 -38
1 2592 -184
1 2594 -326
1 2600 452
1 2601 -443
1 2603 381
1 2604 -653
1 2605 135
1 2606 562
1 2610 -404
1 2612 -900
1 2613 -62
1 2615 -597
1 2618 -481
1 2619 -630
1 2623 139
1 2625 -165
1 2626 645
1 2628 -968
1 2631 400
1 2632 905
1 2633 -826
1 2635 798
1 2636 -157
1 2638 822
1 2639 99
1 2642 679
1 2645 -954
1 2649 -35
1 2654 19
1 2655 936
1 2657 370
1 2658 -962
1 2659 -911
1 2662 -159
1 2665 237
1 2666 793
1 2667 -796
1 2668 605
1 2669 -760
1 2670 -932
1 2672 454
1 2674 806
1 2676 304
1 2677 -988
1 2678 -393
1 2683 163
1 2686 261
1 2689 -895
1 2690 217
1 2691 499
1 2692 -604
1 2694 957
1 2702 -372
1 2706 948
1 2707 -730
1 2713 -838
1 2714 275
1 2720 -641
1 2721 -664
1 2722 485
1 2724 623
1 2725 676
1 2726 -852
1 2727 -724
1 2730 303
1 2731 116
1 2737 -647
1 2739 -658
1 2742 -91
1 2745 -502
1 2746 -608
1 2749 525
1 2751 402
1 2755 481
1 2756 645
1 2758 -185
1 2760 332
1 2761 -163
1 2762 196
1 2763 757
1 2767 -348
1 2769 -885
1 2773 384
1 2774 -577
1 2775 943
1 2776 722
1 2777 914
1 2778 -321
1 2786 335
1 2787 -684
1 2788 429
1 2789 206
1 2794 264
1 2795 887
1 2797 735
1 2798 -255
1 2799 935
1 2802 964
1 2803 926
1 2804 -285
1 2805 -819
1 2809 990
1 2810 -575
1 2811 140
1 2814 -706
1 2815 851
1 2816 -397
1 2817 768
1 2821 672
1 2822 -203
1 2824 -995
1 2826 522
1 2827 -13
1 2830 -970
1 2832 945
1 2834 209
1 2835 -434
1 2836 792
1 2840 207
1 2841 -876
1 2842 592
1 2843 -767
1 2849 717
1 2850 -548
1 2851 724
1 2852 -943
1 2853 -986
1 2855 279
1 2858 709
1 2859 -864
1 2862 489
1 2865 229
1 2868 -154
1 2869 -63
1 2871 250
1 2873 202
1 2876 -980
1 2879 182
1 2880 256
1 2882 410
1 2883 -175
1 2884 -144
1 2889 497
1 2893 254
1 2897 -964
1 2899 -73
1 2903 -536
1 2904 109
1 2907 -845
1 2909 -126
1 2910 -268
1 2912 -185
1 2914 681
1 2915 643
1 2918 -853
1 2919 -931
1 2920 -916
1 2922 415
1 2925 -719
1 2926 -526
1 2928 -139
1 2929 699
1 2931 -993
1 2937 -770
1 2940 -730
1 2942 -17
1 2943 -460
1 2944 388
1 2946 78
1 2947 -306
1 2948 -583
1 2949 296
1 2950 566
1 2951 -357
1 2952 601
1 2953 -782
1 2954 -815
1 2955 331
1 2956 -578
1 2958 518
1 2959 -124
1 2961 -511
1 2963 112
1 2965 -86
1 2967 -137
1 2970 201
1 2974 -192
1 2975 753
1 2976 -771
1 2979 -532
1 2983 692
1 2985 423
1 2986 97
1 2987 -547
1 2989 223
1 2994 -691
1 2995 41
1 2997 848
1 2998 -657
1 2999 -155
1 3001 -17
1 3002 420
1 3003 475
1 3006 679
1 3007 -309
1 3008 -779
1 3010 382
1 3012 482
1 3013 432
1 3015 -360
1 3016 934
1 3017 398
1 3019 422
1 3021 866
1 3022 898
1 3023 -938
1 3025 -895
1 3027 -923
1 3028 759
1 3030 -719
1 3032 -614
1 3034 -976
1 3036 197
1 3041 165
1 3042 -336
1 3043 -618
1 3045 126
1 3046 -68
1 3047 -139
1 3048 -793
1 3049 198
1 3051 221
1 3053 207
1 3054 -383
1 3055 -393
1 3056 -1
1 3060 933
1 3062 787
1 3064 -217
1 3066 523
1 3068 -863
1 3075 437
1 3076 755
1 3078 408
1 3079 74
1 3080 -907
1 3082 240
1 3084 -463
1 3086 386
1 3093 -205
1 3094 -732
1 3100 116
1 3101 -44
1 3108 398
1 3111 -600
1 3112 -850
1 3113 -592
1 3115 661
1 3116 -648
1 3118 -641
1 3119 135
1 3120 995
1 3121 795
1 3123 -599
1 3128 104
1 3131 24
1 3132 102
1 3139 -742
1 3140 -747
1 3142 381
1 3143 -896
1 3145 911
1 3147 -942
1 3148 118
1 3150 -243
1 3151 -643
1 3152 -670
1 3154 -43
1 3155 -468
1 3160 -846
1 3161 -615
1 3164 64
1 3169 608
1 3171 -969
1 3172 210
1 3173 -419
1 3176 -126
1 3177 780
1 3178 -682
1 3179 -492
1 3180 856
1 3181 -658
1 3182 -448
1 3185 527
1 3188 812
1 3190 205
1 3194 4
1 3197 -869
1 3199 512
1 3205 737
1 3207 280
1 3208 -783
1 3210 -131
1 3212 -43
1 3217 -725
1 3218 888
1 3219 966
1 3220 199
1 3223 -361
1 3224 893
1 3225 521
1 3228 764
1 3229 -110
1 3230 281
1 3231 -909
1 3233 -990
1 3234 -282
1 3236 335
1 3237 578
1 3239 -751
1 3240 401
1 3242 926
1 3243 -399
1 3244 359
1 3246 451
1 3247 924
1 3248 90
1 3250 -619
1 3251 131
1 3252 382
1 3257 671
1 3261 513
1 3262 690
1 3263 410
1 3264 505
1 3265 -453
1 3266 63
1 3267 -683
1 3269 -839
1 3275 64
1 3276 135
1 3277 -785
1 3278 22
1 3282 -855
1 3285 609
1 3287 433
1 3290 -872
1 3292 466
1 3298 -597
1 3301 984
1 3304 -22
1 3306 476
1 3307 -873
1 3310 -57
1 3313 361
1 3314 450
1 3317 990
1 3324 860
1 3325 76
1 3327 -947
1 3328 -378
1 3330 278
1 3333 42
1 3337 -382
1 3339 -62
1 3340 125
1 3343 584
1 3346 469
1 3349 581
1 3352 952
1 3353 780
1 3355 275
1 3356 129
1 3359 327
1 3361 971
1 3363 415
1 3364 939
1 3366 909
1 3367 354
1 3369 -607
1 3370 -458
1 3371 -401
1 3372 718
1 3374 -184
1 3375 958
1 3377 -867
1 3378 392
1 3381 -482
1 3382 69
1 3383 106
1 3384 -906
1 3386 -147
1 3387 272
1 3388 834
1 3389 -203
1 3392 866
1 3393 931
1 3396 99
1 3400 -760
1 3403 -544
1 3406 -396
1 3410 -21
1 3411 -960
1 3412 -141
1 3414 670
1 3415 224
1 3418 383
1 3422 -106
1 3424 -48
1 3425 -720
1 3427 574
1 3431 -600
1 3432 -406
1 3434 -983
1 3441 273
1 3442 -355
1 3445 -120
1 3446 304
1 3447 -940
1 3448 -177
1 3449 -176
1 3450 -580
1 3451 -942
1 3452 -246
1 3454 880
1 3455 766
1 3457 -807
1 3460 -262
1 3463 -300
1 3467 -91
1 3469 182
1 3471 -187
1 3472 73
1 3473 -381
1 3474 -430
1 3475 510
1 3476 -436
1 3478 -195
1 3479 -336
1 3482 -819
1 3484 -239
1 3486 320
1 3490 265
1 3491 -228
1 3492 366
1 3495 447
1 3497 47
1 3498 970
1 3499 677
1 3500 136
1 3501 311
1 3503 683
1 3504 -519
1 3508 -255
1 3509 -737
1 3511 501
1 3512 909
1 3513 -831
1 3517 342
1 3520 304
1 3521 421
1 3525 316
1 3526 -232
1 3528 -272
1 3529 288
1 3530 -53
1 3533 419
1 3535 -612
1 3536 -138
1 3537 -874
1 3539 -890
1 3541 188
1 3542 128
1 3545 -331
1 3547 -429
1 3548 -374
1 3550 -569
1 3552 -96
1 3554 -537
1 3558 -878
1 3560 779
1 3561 -889
1 3562 818
1 3563 705
1 3564 303
1 3566 619
1 3568 -161
1 3569 -360
1 3570 723
1 3572 -753
1 3574 686
1 3576 417
1 3577 677
1 3578 -632
1 3582 589
1 3583 -942
1 3585 -681
1 3589 -826
1 3592 901
1 3593 773
1 3594 -83
1 3596 -700
1 3599 936
1 3602 714
1 3604 -732
1 3605 -287
1 3606 -493
1 3607 757
1 3608 276
1 3609 -887
1 3611 -207
1 3613 139
1 3614 487
1 3615 255
1 3616 770
1 3617 229
1 3618 -467
1 3619 54
1 3620 -518
1 3621 562
1 3622 -202
1 3624 175
1 3626 868
1 3627 868
1 3632 18
1 3633 -851
1 3634 -562
1 3635 414
1 3641 -810
1 3642 -246
1 3644 86
1 3645 553
1 3646 -64
1 3648 75
1 3651 690
1 3652 625
1 3658 -970
1 3659 424
1 3660 59
1 3663 203
1 3664 16
1 3665 436
1 3666 5
1 3667 697
1 3670 507
1 3672 -750
1 3674 721
1 3676 798
1 3677 -711
1 3678 -830
1 3683 371
1 3685 -806
1 3686 -892
1 3687 -235
1 3688 574
1 3690 -325
1 3695 -929
1 3698 -664
1 3699 321
1 3701 -94
1 3702 46
1 3703 67
1 3704 681
1 3706 646
1 3707 -565
1 3710 -59
1 3711 -46
1 3713 -324
1 3714 833
1 3718 987
1 3719 -688
1 3720 -584
1 3724 -163
1 3726 727
1 3727 656
1 3733 -19
1 3734 395
1 3736 -650
1 3737 354
1 3738 -284
1 3739 839
1 3741 -23
1 3742 109
1 3746 -919
1 3748 268
1 3750 -149
1 3751 38
1 3752 -545
1 3753 -212
1 3755 -693
1 3756 223
1 3758 998
1 3761 -917
1 3763 -687
1 3764 942
1 3765 637
1 3768 438
1 3770 919
1 3773 -96
1 3774 186
1 3777 -31
1 3781 748
1 3784 518
1 3786 -238
1 3790 990
1 3791 589
1 3795 -923
1 3796 233
1 3798 -730
1 3799 -668
1 3802 -53
1 3803 -238
1 3804 24
1 3806 884
1 3809 -491
1 3810 -303
1 3811 -268
1 3818 831
1 3819 581
1 3822 476
1 3824 -770
1 3829 -981
1 3838 435
1 3839 -144
1 3840 54
1 3841 982
1 3843 -923
1 3844 -679
1 3845 382
1 3850 992
1 3851 -284
1 3854 128
1 3855 -991
1 3856 -170
1 3857 914
1 3861 -334
1 3863 276
1 3864 -812
1 3865 954
1 3866 508
1 3867 512
1 3868 823
1 3872 -643
1 3875 -628
1 3876 519
1 3877 -543
1 3878 -370
1 3880 387
1 3881 823
1 3882 41
1 3883 -795
1 3885 449
1 3887 -226
1 3888 -459
1 3890 -279
1 3893 941
1 3896 602
1 3899 -215
1 3900 -622
1 3901 -610
1 3904 -69
1 3905 -517
1 3913 344
1 3917 936
1 3918 -291
1 3919 -496
1 3921 328
1 3922 -70
1 3927 304
1 3929 -337
1 3930 -575
1 3932 -969
1 3934 -902
1 3935 745
1 3936 -824
1 3938 935
1 3941 497
1 3942 35
1 3943 335
1 3945 -633
1 3951 -99
1 3954 -392
1 3959 472
1 3960 3
1 3961 -798
1 3963 664
1 3965 -589
1 3968 -675
1 3972 -645
1 3973 -221
1 3974 -359
1 3977 548
1 3978 -202
1 3980 117
1 3981 822
1 3985 756
1 3989 887
1 3990 215
1 3991 -112
1 3993 939
1 3995 -327
1 4003 -274
1 4007 -923
1 4008 -846
1 4009 416
1 4010 -460
1 4012 -226
1 4014 870
1 4015 995
1 4020 -227
1 4023 150
1 4027 909
1 4028 248
1 4029 358
1 4030 -562
1 4031 -50
1 4033 578
1 4035 -939
1 4041 986
1 4042 -942
1 4043 704
1 4045 830
1 4046 -880
1 4048 717
1 4050 460
1 4054 157
1 4056 340
1 4057 -278
1 4058 -691
1 4059 921
1 4060 -273
1 4063 985
1 4064 -654
1 4065 838
1 4067 -653
1 4074 -672
1 4076 -702
1 4080 -621
1 4083 837
1 4084 827
1 4085 -543
1 4086 79
1 4087 495
1 4091 -808
1 4092 682
1 4093 387
1 4096 -906
1 4097 241
1 4098 986
1 4099 -812
1 4100 959
1 4102 754
1 4104 958
1 4107 417
1 4108 750
1 4109 531
1 4110 -193
1 4113 557
1 4115 469
1 4116 -317
1 4117 316
1 4118 368
1 4119 -755
1 4120 474
1 4121 -191
1 4122 814
1 4124 266
1 4125 225
1 4126 645
1 4129 -340
1 4130 437
1 4131 236
1 4133 -449
1 4134 866
1 4135 -415
1 4136 662
1 4139 -76
1 4140 563
1 4142 -777
1 4143 915
1 4144 -86
1 4145 -253
1 4150 866
1 4151 652
1 4152 -553
1 4156 776
1 4159 -766
1 4162 -760
1 4164 124
1 4165 -268
1 4166 -650
1 4167 -793
1 4170 160
1 4171 330
1 4173 33
1 4176 -885
1 4177 594
1 4178 -253
1 4179 757
1 4180 -212
1 4182 -476
1 4184 -197
1 4186 -852
1 4187 843
1 4188 129
1 4192 627
1 4195 213
1 4197 154
1 4201 -105
1 4203 -114
1 4206 -357
1 4210 533
1 4218 281
1 4219 -979
1 4220 -871
1 4225 166
1 4226 -86
1 4228 370
1 4229 -975
1 4230 293
1 4233 -435
1 4234 493
1 4238 -492
1 4239 819
1 4240 503
1 4243 -526
1 4246 381
1 4247 -10
1 4248 -501
1 4250 521
1 4251 -454
1 4252 -312
1 4253 -923
1 4255 71
1 4256 705
1 4258 -119
1 4262 414
1 4264 238
1 4266 324
1 4270 764
1 4271 84
1 4272 888
1 4276 576
1 4277 339
1 4278 690
1 4280 943
1 4282 480
1 4284 209
1 4287 86
1 4288 807
1 4289 -438
1 4290 292
1 4293 164
1 4294 -468
1 4295 546
1 4296 -598
1 4297 5
1 4301 -405
1 4302 98
1 4304 -287
1 4306 929
1 4309 517
1 4312 128
1 4316 369
1 4317 -753
1 4318 820
1 4319 -637
1 4321 358
1 4322 -714
1 4325 -975
1 4326 -385
1 4335 340
1 4338 -567
1 4340 756
1 4342 152
1 4343 -234
1 4346 -910
1 4349 664
1 4350 -82
1 4351 358
1 4353 -88
1 4354 -199
1 4356 577
1 4357 -649
1 4360 81
1 4365 617
1 4367 -34
1 4372 -885
1 4373 -992
1 4375 112
1 4376 -845
1 4378 407
1 4380 -812
1 4383 -629
1 4386 -37
1 4387 696
1 4393 -458
1 4396 664
1 4398 -47
1 4401 949
1 4402 -69
1 4404 940
1 4408 655
1 4409 656
1 4411 172
1 4414 587
1 4415 859
1 4416 766
1 4418 -488
1 4422 88
1 4423 23
1 4427 -135
1 4429 -129
1 4430 499
1 4432 -140
1 4433 -750
1 4434 960
1 4435 445
1 4437 690
1 4438 666
1 4439 321
1 4441 179
1 4444 329
1 4446 537
1 4447 215
1 4448 592
1 4450 -627
1 4452 -617
1 4453 382
1 4454 396
1 4455 119
1 4462 -891
1 4468 210
1 4469 546
1 4471 -513
1 4473 -260
1 4476 407
1 4480 44
1 4484 521
1 4487 -116
1 4489 551
1 4491 -444
1 4492 951
1 4494 -333
1 4495 -291
1 4499 -453
1 4504 992
1 4506 305
1 4511 -212
1 4512 -917
1 4514 -839
1 4515 277
1 4516 -66
1 4517 -351
1 4519 70
1 4521 -323
1 4522 170
1 4527 387
1 4529 693
1 4531 -909
1 4534 -650
1 4535 -14
1 4537 59
1 4539 413
1 4540 -351
1 4542 -970
1 4544 -202
1 4545 97
1 4546 -282
1 4547 -739
1 4548 315
1 4549 941
1 4550 736
1 4552 -169
1 4554 -490
1 4558 16
1 4559 359
1 4560 -260
1 4562 315
1 4566 100
1 4567 163
1 4569 581
1 4574 330
1 4575 106
1 4576 428
1 4578 -381
1 4579 334
1 4580 200
1 4581 174
1 4584 448
1 4588 -750
1 4589 283
1 4590 -934
1 4591 -122
1 4594 -165
1 4595 998
1 4596 741
1 4597 -2
1 4599 670
1 4600 -27
1 4601 397
1 4603 -888
1 4604 483
1 4606 712
1 4607 -915
1 4610 -91
1 4617 -935
1 4618 847
1 4619 730
1 4621 -971
1 4622 -55
1 4623 412
1 4624 967
1 4628 -166
1 4629 -26
1 4633 752
1 4634 -645
1 4636 101
1 4639 -277
1 4640 36
1 4641 -148
1 4643 175
1 4645 3
1 4646 587
1 4647 335
1 4653 -586
1 4655 -18
1 4659 226
1 4660 656
1 4662 698
1 4664 134
1 4671 -598
1 4673 953
1 4674 808
1 4676 965
1 4678 -451
1 4680 414
1 4682 -714
1 4685 -224
1 4687 -963
1 4688 -373
1 4690 -767
1 4691 355
1 4692 331
1 4693 -254
1 4694 877
1 4695 -635
1 4696 394
1 4697 -303
1 4698 -882
1 4702 -180
1 4704 -155
1 4705 -134
1 4709 286
1 4714 65
1 4716 -815
1 4717 166
1 4721 -643
1 4722 606
1 4725 -958
1 4727 -201
1 4728 -158
1 4730 -233
1 4737 -109
1 4739 596
1 4741 -521
1 4742 -846
1 4743 208
1 4746 -208
1 4749 821
1 4751 -727
1 4752 899
1 4753 -641
1 4755 -413
1 4756 -14
1 4757 855
1 4758 -900
1 4759 835
1 4763 936
1 4765 -865
1 4769 -303
1 4778 971
1 4779 524
1 4780 527
1 4781 591
1 4782 -605
1 4785 750
1 4787 790
1 4792 -134
1 4793 -469
1 4799 891
1 4801 641
1 4802 -263
1 4803 608
1 4806 -628
1 4807 387
1 4810 -403
1 4811 377
1 4812 -416
1 4813 -824
1 4814 90
1 4817 640
1 4818 -998
1 4821 -425
1 4822 977
1 4823 144
1 4829 -783
1 4830 132
1 4831 -963
1 4832 -686
1 4833 -711
1 4835 834
1 4839 485
1 4840 391
1 4842 -797
1 4843 128
1 4844 847
1 4846 -324
1 4847 96
1 4849 665
1 4855 -714
1 4856 127
1 4858 447
1 4861 965
1 4862 -542
1 4863 619
1 4864 934
1 4865 61
1 4867 -296
1 4869 -271
1 4873 787
1 4876 835
1 4877 -661
1 4884 -393
1 4887 -89
1 4888 -796
1 4889 -29
1 4894 -186
1 4896 866
1 4897 874
1 4898 834
1 4901 -375
1 4902 -728
1 4903 -133
1 4904 -574
1 4907 34
1 4909 -497
1 4912 -596
1 4915 655
1 4918 892
1 4919 -829
1 4922 -872
1 4923 -451
1 4924 830
1 4927 186
1 4928 -901
1 4929 52
1 4936 -456
1 4937 -146
1 4938 153
1 4940 -949
1 4942 -27
1 4943 -563
1 4944 234
1 4946 392
1 4948 715
1 4949 62
1 4959 -149
1 4960 -555
1 4962 -500
1 4964 263
1 4967 272
1 4969 563
1 4971 -894
1 4972 -44
1 4973 558
1 4974 895
1 4976 -917
1 4978 930
1 4985 -863
1 4987 -898
1 4988 -875
1 4992 926
1 4993 802
1 4994 273
1 4995 -804
1 4999 -655
1 5000 516
1 5001 597
1 5002 -55
1 5003 -946
1 5006 887
1 5007 -466
1 5010 150
1 5011 345
1 5012 733
1 5014 327
1 5015 237
1 5016 639
1 5019 717
1 5022 116
1 5024 -181
1 5027 -791
1 5028 703
1 5029 421
1 5034 -637
1 5035 -336
1 5041 -564
1 5048 14
1 5051 577
1 5052 -771
1 5053 -866
1 5055 -489
1 5056 -594
1 5059 422
1 5060 26
1 5061 -148
1 5062 -642
1 5066 13
1 5068 686
1 5070 -418
1 5074 -678
1 5075 994
1 5077 233
1 5078 888
1 5079 913
1 5080 951
1 5085 -864
1 5086 113
1 5088 727
1 5089 -375
1 5090 -742
1 5091 36
1 5092 898
1 5093 529
1 5095 -97
1 5100 -448
1 5102 -710
1 5105 707
1 5107 129
1 5108 -387
1 5110 -404
1 5111 -547
1 5114 -972
1 5115 531
1 5117 -21
1 5118 -693
1 5122 -533
1 5126 -774
1 5127 -778
1 5128 -907
1 5129 -471
1 5130 -834
1 5131 -955
1 5135 407
1 5136 47
1 5137 -552
1 5140 -237
1 5142 87
1 5143 -816
1 5144 216
1 5145 428
1 5146 216
1 5149 448
1 5150 -27
1 5153 217
1 5154 54
1 5155 -918
1 5156 -716
1 5157 -434
1 5158 256
1 5159 -583
1 5160 -564
1 5168 -549
1 5170 811
1 5171 420
1 5172 -34
1 5173 -87
1 5176 -326
1 5179 -743
1 5182 -502
1 5183 198
1 5185 -228
1 5186 -903
1 5188 480
1 5190 -430
1 5192 -995
1 5193 9
1 5196 -968
1 5201 240
1 5203 -443
1 5206 827
1 5207 933
1 5210 -958
1 5211 -616
1 5213 -193
1 5216 -686
1 5217 192
1 5228 -701
1 5229 -109
1 5230 775
1 5232 765
1 5241 -488
1 5242 -460
1 5244 666
1 5245 996
1 5247 -244
1 5248 -793
1 5251 346
1 5252 -140
1 5254 -749
1 5257 53
1 5259 -518
1 5260 -227
1 5262 602
1 5264 387
1 5269 -359
1 5271 -681
1 5274 -111
1 5275 721
1 5277 -751
1 5283 -112
1 5284 510
1 5287 55
1 5291 -251
1 5292 -800
1 5293 -348
1 5294 604
1 5295 -270
1 5297 24
1 5298 357
1 5301 213
1 5303 -846
1 5304 -154
1 5305 192
1 5308 214
1 5311 -704
1 5312 -70
1 5313 692
1 5314 -562
1 5316 -112
1 5318 110
1 5322 850
1 5323 74
1 5328 466
1 5329 -831
1 5330 486
1 5331 432
1 5332 -990
1 5334 675
1 5335 -458
1 5338 913
1 5339 -437
1 5344 358
1 5345 -189
1 5348 567
1 5349 850
1 5352 -416
1 5353 -811
1 5354 631
1 5356 110
1 5357 365
1 5360 -947
1 5363 495
1 5364 665
1 5365 -168
1 5366 -7
1 5369 345
1 5371 613
1 5373 940
1 5374 -758
1 5377 394
1 5378 41
1 5381 -389
1 5383 -418
1 5384 75
1 5385 -518
1 5387 -722
1 5390 912
1 5394 -655
1 5396 -625
1 5397 -886
1 5409 472
1 5410 -839
1 5413 -513
1 5414 20
1 5415 154
1 5418 193
1 5420 -549
1 5421 -573
1 5422 75
1 5426 261
1 5429 648
1 5431 138
1 5433 -220
1 5434 -248
1 5435 794
1 5440 256
1 5441 342
1 5442 423
1 5445 -486
1 5446 21
1 5448 610
1 5454 954
1 5457 473
1 5458 14
1 5459 98
1 5460 498
1 5462 181
1 5465 770
1 5467 976
1 5470 -253
1 5473 -827
1 5476 796
1 5477 462
1 5480 -491
1 5481 -162
1 5483 -19
1 5486 -394
1 5489 359
1 5490 675
1 5491 -513
1 5492 -31
1 5495 64
1 5501 896
1 5502 -132
1 5503 -9
1 5504 -488
1 5508 -797
1 5509 -732
1 5511 982
1 5513 -946
1 5518 -572
1 5519 -731
1 5522 72
1 5523 -480
1 5526 -134
1 5527 -589
1 5528 703
1 5529 705
1 5531 -898
1 5535 -782
1 5536 -758
1 5539 -196
1 5542 -124
1 5545 617
1 5548 -151
1 5549 -149
1 5552 -181
1 5553 286
1 5554 -722
1 5556 482
1 5558 527
1 5560 636
1 5561 248
1 5562 -830
1 5564 408
1 5565 95
1 5567 -816
1 5568 -212
1 5571 -803
1 5574 732
1 5575 254
1 5577 -677
1 5578 818
1 5580 315
1 5581 -44
1 5582 288
1 5584 -754
1 5585 292
1 5591 497
1 5592 -257
1 5594 596
1 5598 277
1 5600 -789
1 5601 342
1 5608 -469
1 5609 367
1 5611 -368
1 5613 536
1 5614 -636
1 5615 -65
1 5616 -51
1 5617 64
1 5618 135
1 5619 730
1 5621 -445
1 5622 894
1 5623 541
1 5624 796
1 5626 -761
1 5627 590
1 5629 771
1 5634 -504
1 5637 -166
1 5639 600
1 5643 904
1 5645 -773
1 5646 206
1 5647 499
1 5649 -792
1 5650 -685
1 5652 96
1 5653 698
1 5654 576
1 5661 170
1 5662 838
1 5664 -929
1 5665 224
1 5668 -700
1 5669 709
1 5671 -437
1 5676 85
1 5681 889
1 5684 72
1 5686 -110
1 5687 -290
1 5689 -32
1 5693 -524
1 5694 775
1 5697 501
1 5698 -850
1 5700 -588
1 5702 -815
1 5703 648
1 5704 -602
1 5705 883
1 5706 -247
1 5708 -872
1 5713 -225
1 5715 -981
1 5716 845
1 5717 28
1 5718 179
1 5719 -221
1 5722 569
1 5723 905
1 5725 383
1 5726 140
1 5727 -464
1 5729 -828
1 5733 581
1 5735 605
1 5736 170
1 5738 -160
1 5740 -738
1 5741 745
1 5746 260
1 5747 915
1 5748 -783
1 5750 -405
1 5753 -86
1 5755 -328
1 5756 -243
1 5757 -381
1 5758 364
1 5759 73
1 5760 777
1 5767 -930
1 5771 -100
1 5772 -906
1 5774 -570
1 5775 345
1 5777 -452
1 5778 755
1 5780 554
1 5781 434
1 5782 -103
1 5783 -929
1 5785 585
1 5790 335
1 5796 703
1 5798 694
1 5799 -93
1 5801 -135
1 5802 569
1 5803 84
1 5804 935
1 5805 -725
1 5810 509
1 5811 502
1 5812 808
1 5813 -259
1 5815 -871
1 5818 125
1 5822 766
1 5824 -618
1 5825 364
1 5826 -981
1 5828 511
1 5830 310
1 5831 1
1 5833 307
1 5834 -480
1 5836 676
1 5837 444
1 5839 -142
1 5845 259
1 5846 239
1 5847 -973
1 5848 -382
1 5850 309
1 5853 259
1 5855 402
1 5856 -22
1 5857 -519
1 5858 -308
1 5860 -87
1 5861 976
1 5864 -318
1 5865 -535
1 5866 174
1 5868 -251
1 5869 108
1 5871 -53
1 5872 -127
1 5873 -149
1 5875 -601
1 5876 -149
1 5877 -341
1 5879 -681
1 5881 -993
1 5885 201
1 5886 168
1 5887 329
1 5888 458
1 5889 -451
1 5894 908
1 5905 -34
1 5909 174
1 5910 99
1 5911 -656
1 5912 151
1 5914 -515
1 5918 185
1 5919 977
1 5921 665
1 5922 470
1 5925 473
1 5928 78
1 5929 509
1 5930 279
1 5931 -961
1 5933 -775
1 5935 270
1 5936 237
1 5938 -343
1 5940 -659
1 5941 733
1 5945 279
1 5946 -763
1 5949 771
1 5950 -804
1 5952 587
1 5953 -844
1 5954 550
1 5956 930
1 5957 526
1 5958 186
1 5959 -711
1 5960 -854
1 5961 598
1 5963 525
1 5966 -890
1 5967 -485
1 5968 -148
1 5970 497
1 5971 405
1 5972 -62
1 5973 603
1 5974 192
1 5977 -276
1 5978 908
1 5980 491
1 5985 -853
1 5986 14
1 5987 -597
1 5988 -418
1 5989 -236
1 5990 -847
1 5992 -612
1 5994 851
1 5995 -753
1 5996 -641
1 5998 568
1 6002 595
1 6007 390
1 6011 -370
1 6012 626
1 6014 29
1 6019 128
1 6023 -691
1 6024 455
1 6025 -245
1 6026 146
1 6027 -924
1 6028 606
1 6029 685
1 6030 154
1 6031 815
1 6034 102
1 6036 -554
1 6038 254
1 6039 -100
1 6040 130
1 6043 -81
1 6044 -821
1 6046 619
1 6047 735
1 6048 567
1 6049 -946
1 6051 308
1 6053 -631
1 6055 587
1 6056 -65
1 6057 -521
1 6060 319
1 6061 -931
1 6063 -623
1 6064 -909
1 6066 912
1 6067 -425
1 6068 -52
1 6073 -53
1 6076 442
1 6077 631
1 6078 117
1 6079 -682
1 6080 -492
1 6085 422
1 6086 598
1 6087 -910
1 6088 704
1 6089 -682
1 6092 -337
1 6093 -76
1 6099 -186
1 6100 362
1 6101 -526
1 6102 -496
1 6103 -985
1 6104 -648
1 6109 888
1 6110 380
1 6112 408
1 6114 -586
1 6115 -341
1 6116 583
1 6118 -928
1 6120 -544
1 6124 550
1 6127 -685
1 6128 -355
1 6131 -41
1 6132 -585
1 6133 -168
1 6134 425
1 6135 -128
1 6138 -194
1 6140 -410
1 6144 17
1 6146 -128
1 6149 -18
1 6151 493
1 6156 -843
1 6157 849
1 6159 -371
1 6160 -41
1 6163 -620
1 6165 -148
1 6166 73
1 6169 22
1 6171 951
1 6173 820
1 6178 593
1 6179 44
1 6180 -232
1 6182 112
1 6183 -72
1 6184 -944
1 6186 -230
1 6187 645
1 6190 436
1 6191 256
1 6192 435
1 6194 6
1 6197 721
1 6198 -260
1 6199 -502
1 6200 157
1 6201 -149
1 6203 765
1 6206 924
1 6211 -693
1 6212 -517
1 6213 -383
1 6214 -594
1 6215 -43
1 6216 389
1 6220 58
1 6221 -184
1 6222 -537
1 6223 -594
1 6224 -888
1 6229 66
1 6230 329
1 6233 -14
1 6234 235
1 6235 321
1 6236 -333
1 6241 388
1 6242 -55
1 6243 456
1 6247 -337
1 6248 4
1 6249 -337
1 6251 -463
1 6254 611
1 6256 -546
1 6257 -870
1 6258 703
1 6259 -585
1 6260 732
1 6264 216
1 6270 810
1 6271 925
1 6272 859
1 6274 921
1 6277 53
1 6281 -274
1 6283 -158
1 6284 -306
1 6286 -716
1 6288 569
1 6289 -117
1 6292 -440
1 6293 -251
1 6296 -991
1 6297 -739
1 6299 -25
1 6301 -988
1 6302 299
1 6303 706
1 6304 -334
1 6305 -177
1 6306 473
1 6310 570
1 6312 508
1 6313 762
1 6316 -724
1 6317 728
1 6319 -500
1 6320 482
1 6322 590
1 6323 -412
1 6324 528
1 6325 961
1 6326 735
1 6327 -31
1 6329 -990
1 6330 -298
1 6334 -961
1 6335 203
1 6338 -117
1 6339 279
1 6340 -214
1 6342 -519
1 6344 547
1 6345 -161
1 6346 4
1 6347 -866
1 6348 -869
1 6349 -288
1 6350 -220
1 6351 -324
1 6352 -756
1 6353 541
1 6355 153
1 6357 -38
1 6358 -320
1 6359 986
1 6360 415
1 6361 617
1 6362 594
1 6365 -708
1 6366 536
1 6367 -147
1 6368 616
1 6370 831
1 6372 -316
1 6373 -25
1 6374 -196
1 6375 792
1 6377 -371
1 6378 -32
1 6379 -716
1 6380 208
1 6383 350
1 6384 -278
1 6390 -674
1 6391 -532
1 6392 -676
1 6395 459
1 6396 -585
1 6397 -403
1 6398 -205
1 6400 23
1 6401 -434
1 6404 138
1 6405 247
1 6408 -91
1 6409 524
1 6411 -684
1 6412 -814
1 6413 23
1 6417 560
1 6419 628
1 6421 456
1 6425 518
1 6426 32
1 6428 598
1 6429 134
1 6430 -814
1 6432 -183
1 6434 -336
1 6435 141
1 6438 164
1 6439 -673
1 6443 443
1 6444 168
1 6447 415
1 6449 -821
1 6453 -544
1 6456 349
1 6457 -23
1 6460 57
1 6462 589
1 6463 547
1 6465 -725
1 6467 195
1 6468 -396
1 6469 -29
1 6471 -522
1 6472 -352
1 6473 613
1 6474 611
1 6476 -763
1 6478 -311
1 6483 296
1 6486 24
1 6487 -617
1 6490 820
1 6499 620
1 6500 -294
1 6504 542
1 6505 401
1 6506 -987
1 6509 -10
1 6510 860
1 6511 -478
1 6514 -458
1 6521 80
1 6522 -112
1 6523 369
1 6524 -504
1 6525 -311
1 6526 865
1 6527 706
1 6530 78
1 6531 -90
1 6532 -604
1 6533 57
1 6534 938
1 6536 239
1 6538 259
1 6542 -598
1 6543 627
1 6544 -272
1 6545 443
1 6547 -177
1 6548 -488
1 6549 813
1 6550 460
1 6551 -478
1 6554 65
1 6555 975
1 6559 -185
1 6562 -175
1 6567 609
1 6568 259
1 6569 222
1 6570 875
1 6571 -917
1 6577 782
1 6580 -641
1 6582 754
1 6583 -326
1 6585 161
1 6586 -760
1 6587 -856
1 6588 -697
1 6589 -75
1 6590 -876
1 6591 543
1 6592 -258
1 6593 180
1 6594 579
1 6595 199
1 6598 122
1 6601 341
1 6603 -212
1 6607 360
1 6609 781
1 6610 -829
1 6612 283
1 6613 338
1 6614 837
1 6617 345
1 6618 -772
1 6624 -386
1 6625 846
1 6629 -986
1 6631 -795
1 6632 461
1 6633 330
1 6635 -204
1 6636 -117
1 6638 -757
1 6639 -150
1 6640 -737
1 6641 450
1 6644 491
1 6646 -673
1 6648 511
1 6649 -65
1 6650 -725
1 6651 457
1 6652 480
1 6656 616
1 6663 451
1 6666 839
1 6667 -150
1 6668 927
1 6669 424
1 6672 998
1 6673 887
1 6674 14
1 6676 602
1 6677 -965
1 6678 -913
1 6679 -473
1 6682 475
1 6687 979
1 6688 600
1 6689 -703
1 6693 -12
1 6696 -622
1 6697 -195
1 6699 -418
1 6700 357
1 6701 -359
1 6702 -748
1 6703 -372
1 6705 236
1 6711 -463
1 6712 424
1 6713 -971
1 6715 -979
1 6717 243
1 6719 405
1 6720 657
1 6723 -174
1 6726 293
1 6727 -781
1 6728 991
1 6729 829
1 6730 240
1 6731 -396
1 6739 -434
1 6740 265
1 6742 60
1 6744 871
1 6747 825
1 6748 -858
1 6749 487
1 6750 870
1 6752 -619
1 6753 -724
1 6755 -960
1 6760 -316
1 6765 -346
1 6766 -195
1 6767 309
1 6769 -233
1 6771 659
1 6773 239
1 6774 656
1 6777 210
1 6778 -318
1 6781 -447
1 6782 -867
1 6786 481
1 6787 952
1 6790 -765
1 6800 -546
1 6805 875
1 6806 -933
1 6807 234
1 6809 -1000
1 6810 807
1 6811 -305
1 6813 -926
1 6817 -532
1 6819 -900
1 6824 287
1 6825 -93
1 6827 -300
1 6830 978
1 6831 -617
1 6834 11
1 6836 -535
1 6842 280
1 6845 -580
1 6850 -601
1 6852 612
1 6854 585
1 6857 -324
1 6867 87
1 6871 204
1 6873 -64
1 6875 104
1 6876 -990
1 6877 -208
1 6881 569
1 6883 196
1 6884 -377
1 6887 -847
1 6889 -291
1 6893 -653
1 6894 754
1 6895 -270
1 6897 -577
1 6898 -969
1 6899 -265
1 6901 -251
1 6902 757
1 6903 -934
1 6905 -38
1 6906 512
1 6911 303
1 6912 -199
1 6913 -686
1 6914 198
1 6917 -751
1 6918 -207
1 6921 921
1 6925 -210
1 6927 -753
1 6928 -349
1 6929 -716
1 6935 -859
1 6936 728
1 6939 -788
1 6942 518
1 6946 98
1 6947 -548
1 6950 950
1 6953 1
1 6955 -949
1 6956 -493
1 6957 -915
1 6958 -892
1 6961 119
1 6963 -807
1 6964 359
1 6966 241
1 6968 491
1 6972 114
1 6975 560
1 6977 -690
1 6978 724
1 6981 -578
1 6982 -411
1 6983 -817
1 6984 111
1 6987 -548
1 6988 749
1 6992 245
1 6994 -644
1 6995 564
1 6996 -869
1 6997 -920
1 6998 -814
1 6999 -630
1 7001 113
1 7002 -441
1 7004 -117
1 7005 757
1 7008 -623
1 7009 -628
1 7010 589
1 7011 608
1 7016 -6
1 7017 -879
1 7018 888
1 7019 989
1 7022 -336
1 7023 -299
1 7024 748
1 7025 272
1 7026 96
1 7027 -49
1 7032 804
1 7034 -414
1 7035 -809
1 7037 -662
1 7041 576
1 7044 -889
1 7045 -326
1 7048 -981
1 7050 -536
1 7052 75
1 7054 -897
1 7055 77
1 7056 -775
1 7057 564
1 7059 779
1 7063 -166
1 7064 -680
1 7065 -163
1 7066 -819
1 7067 819
1 7069 -30
1 7070 641
1 7072 -958
1 7073 899
1 7075 -161
1 7076 688
1 7077 -503
1 7078 -189
1 7079 983
1 7081 714
1 7083 579
1 7085 220
1 7086 -864
1 7087 964
1 7090 448
1 7091 644
1 7092 114
1 7094 968
1 7096 -405
1 7097 -10
1 7098 396
1 7099 886
1 7101 523
1 7103 -656
1 7108 -654
1 7111 -905
1 7113 -215
1 7114 -597
1 7115 756
1 7116 329
1 7117 449
1 7119 -487
1 7124 39
1 7125 710
1 7129 -975
1 7131 -656
1 7133 -858
1 7134 819
1 7135 181
1 7137 -460
1 7139 751
1 7140 503
1 7141 -915
1 7145 414
1 7146 897
1 7147 -126
1 7149 483
1 7151 -839
1 7154 805
1 7155 -585
1 7156 -279
1 7157 -385
1 7159 966
1 7160 -909
1 7161 145
1 7162 125
1 7163 136
1 7166 -431
1 7168 -329
1 7171 367
1 7172 144
1 7173 -153
1 7177 142
1 7180 780
1 7181 681
1 7182 744
1 7183 96
1 7185 850
1 7186 648
1 7188 168
1 7193 630
1 7194 256
1 7195 755
1 7197 -28
1 7198 998
1 7199 -721
1 7207 564
1 7208 965
1 7210 -712
1 7212 476
1 7213 970
1 7214 -236
1 7216 -622
1 7219 -928
1 7222 -915
1 7224 -597
1 7225 902
1 7227 -757
1 7228 529
1 7229 872
1 7230 -400
1 7231 661
1 7232 754
1 7233 841
1 7234 -672
1 7237 -661
1 7241 992
1 7242 528
1 7244 -520
1 7245 -233
1 7246 587
1 7247 680
1 7249 -224
1 7250 511
1 7252 343
1 7255 -676
1 7256 647
1 7258 -824
1 7259 -953
1 7261 -845
1 7267 623
1 7268 913
1 7269 -623
1 7271 386
1 7272 297
1 7274 -899
1 7275 622
1 7276 -959
1 7277 747
1 7280 196
1 7282 -956
1 7284 521
1 7286 779
1 7287 33
1 7290 5
1 7291 379
1 7292 408
1 7293 236
1 7295 -99
1 7296 -499
1 7302 -558
1 7303 -162
1 7306 993
1 7307 103
1 7308 535
1 7309 -272
1 7310 -191
1 7314 -870
1 7315 -266
1 7316 -738
1 7317 930
1 7320 535
1 7322 -479
1 7323 35
1 7324 741
1 7325 684
1 7326 860
1 7327 -55
1 7328 -446
1 7331 -59
1 7332 -348
1 7335 -738
1 7337 -660
1 7339 -255
1 7344 -262
1 7350 -359
1 7352 -808
1 7353 2
1 7355 -765
1 7356 -185
1 7357 686
1 7363 897
1 7364 819
1 7365 855
1 7371 -645
1 7374 89
1 7375 -955
1 7376 -996
1 7381 -492
1 7382 -444
1 7384 393
1 7386 728
1 7387 -165
1 7388 -803
1 7395 317
1 7396 -181
1 7397 544
1 7398 306
1 7400 -701
1 7401 -150
1 7403 328
1 7404 177
1 7405 -40
1 7407 294
1 7410 73
1 7411 -334
1 7412 132
1 7413 -17
1 7414 852
1 7419 -849
1 7421 703
1 7423 223
1 7427 -692
1 7429 -424
1 7432 797
1 7433 133
1 7434 162
1 7435 958
1 7438 -542
1 7440 -410
1 7442 51
1 7446 2
1 7451 906
1 7453 213
1 7455 819
1 7457 736
1 7461 -912
1 7462 321
1 7463 338
1 7465 692
1 7466 585
1 7467 -457
1 7470 -517
1 7478 192
1 7483 -246
1 7486 -912
1 7490 429
1 7492 -754
1 7497 -182
1 7501 352
1 7503 124
1 7509 71
1 7512 -502
1 7513 950
1 7515 618
1 7516 -626
1 7517 -938
1 7518 59
1 7520 120
1 7522 227
1 7523 -837
1 7524 -80
1 7528 58
1 7530 870
1 7532 903
1 7535 -297
1 7536 712
1 7537 783
1 7538 305
1 7539 100
1 7543 40
1 7544 566
1 7545 -100
1 7547 93
1 7549 -801
1 7556 701
1 7559 877
1 7562 -604
1 7563 -958
1 7564 570
1 7565 -730
1 7566 934
1 7567 -441
1 7569 969
1 7577 823
1 7578 101
1 7582 127
1 7584 32
1 7585 310
1 7589 -924
1 7591 -412
1 7592 -885
1 7593 -765
1 7595 -401
1 7596 -829
1 7598 120
1 7605 413
1 7607 -788
1 7609 589
1 7610 -169
1 7612 -190
1 7613 -138
1 7614 788
1 7615 813
1 7617 899
1 7618 649
1 7620 -161
1 7621 860
1 7623 568
1 7625 118
1 7626 -684
1 7627 -544
1 7629 155
1 7630 -436
1 7632 241
1 7633 814
1 7635 275
1 7640 659
1 7643 993
1 7646 -88
1 7647 185
1 7654 412
1 7659 469
1 7660 922
1 7661 -894
1 7662 -520
1 7664 246
1 7665 447
1 7667 469
1 7668 585
1 7671 296
1 7674 -265
1 7678 213
1 7682 -346
1 7683 670
1 7687 -892
1 7691 968
1 7693 772
1 7694 616
1 7695 -366
1 7696 122
1 7697 932
1 7699 -135
1 7700 360
1 7704 856
1 7705 -865
1 7711 -289
1 7714 -132
1 7716 -375
1 7717 229
1 7720 281
1 7722 -635
1 7723 -82
1 7725 750
1 7730 -270
1 7731 -40
1 7732 -526
1 7733 470
1 7739 915
1 7741 737
1 7746 971
1 7747 -305
1 7749 -781
1 7752 682
1 7753 -533
1 7754 463
1 7757 -751
1 7760 -661
1 7767 390
1 7769 -236
1 7770 879
1 7773 -512
1 7774 188
1 7775 -753
1 7776 138
1 7778 -55
1 7783 -219
1 7784 -150
1 7785 104
1 7786 690
1 7792 888
1 7793 560
1 7794 795
1 7806 -544
1 7808 236
1 7809 -516
1 7818 165
1 7825 376
1 7827 775
1 7830 638
1 7834 969
1 7837 -948
1 7839 -993
1 7841 -180
1 7842 653
1 7843 484
1 7844 -427
1 7846 -819
1 7848 -474
1 7853 -26
1 7855 -41
1 7856 -748
1 7857 -967
1 7861 -863
1 7862 866
1 7863 161
1 7866 -457
1 7873 507
1 7875 -923
1 7876 -648
1 7877 -525
1 7883 -10
1 7884 882
1 7887 -120
1 7888 -304
1 7893 138
1 7894 -791
1 7897 261
1 7898 -141
1 7899 226
1 7900 947
1 7902 222
1 7904 -484
1 7911 -615
1 7913 437
1 7914 598
1 7919 -56
1 7921 -398
1 7922 92
1 7926 676
1 7929 -471
1 7931 -39
1 7932 182
1 7933 -514
1 7934 445
1 7935 -909
1 7936 -495
1 7937 447
1 7938 556
1 7939 288
1 7941 739
1 7942 975
1 7943 226
1 7945 97
1 7946 406
1 7948 -364
1 7949 -787
1 7952 -221
1 7954 763
1 7957 -996
1 7959 -179
1 7960 -699
1 7961 -747
1 7962 -792
1 7964 256
1 7965 37
1 7968 24
1 7969 -820
1 7973 333
1 7974 -472
1 7979 -513
1 7982 47
1 7983 -605
1 7986 -842
1 7989 36
1 7991 779
1 7995 829
1 7997 -833
1 7998 -155
1 7999 -343
1 8000 -263
1 8001 -682
1 8004 -720
1 8008 -483
1 8009 -58
1 8011 -40
1 8015 -949
1 8018 -848
1 8020 459
1 8024 450
1 8025 -10
1 8026 -798
1 8028 852
1 8030 144
1 8031 610
1 8032 -45
1 8034 236
1 8036 865
1 8038 881
1 8040 253
1 8041 359
1 8042 960
1 8046 -284
1 8048 202
1 8049 149
1 8054 -841
1 8055 -389
1 8056 -155
1 8061 -78
1 8063 121
1 8064 -131
1 8065 -877
1 8067 531
1 8068 455
1 8069 -725
1 8070 954
1 8071 -468
1 8073 890
1 8076 -233
1 8079 -41
1 8080 533
1 8081 -781
1 8085 -347
1 8088 43
1 8089 823
1 8090 -967
1 8091 615
1 8092 468
1 8093 -819
1 8095 -889
1 8097 -135
1 8098 -844
1 8102 -988
1 8104 858
1 8105 -854
1 8107 -688
1 8109 678
1 8110 -693
1 8113 535
1 8114 303
1 8116 -533
1 8117 158
1 8122 162
1 8126 -359
1 8127 871
1 8132 465
1 8133 -719
1 8135 -488
1 8136 487
1 8140 -679
1 8142 121
1 8143 -422
1 8147 718
1 8148 12
1 8149 -597
1 8150 755
1 8154 -448
1 8156 -195
1 8158 -705
1 8159 824
1 8160 -930
1 8163 687
1 8164 98
1 8165 295
1 8167 457
1 8168 315
1 8172 -978
1 8173 216
1 8174 -340
1 8176 -287
1 8181 -194
1 8185 707
1 8186 -124
1 8187 -191
1 8188 -494
1 8189 -174
1 8190 -176
1 8191 -200
1 8193 432
1 8194 -541
1 8195 876
1 8198 341
1 8200 -689
1 8201 -436
1 8203 -678
1 8205 586
1 8208 22
1 8209 -752
1 8210 674
1 8211 -672
1 8212 620
1 8218 -179
1 8223 817
1 8224 -152
1 8225 597
1 8230 -745
1 8231 -136
1 8233 801
1 8235 -843
1 8237 188
1 8239 -777
1 8240 192
1 8245 -730
1 8247 -788
1 8248 370
1 8250 -735
1 8251 -164
1 8255 313
1 8256 513
1 8257 -383
1 8258 798
1 8259 -940
1 8260 61
1 8262 894
1 8263 655
1 8264 533
1 8266 -118
1 8268 108
1 8270 -176
1 8272 797
1 8274 556
1 8278 -677
1 8280 533
1 8282 -455
1 8283 -305
1 8284 -33
1 8288 124
1 8289 -781
1 8290 -816
1 8292 450
1 8295 -655
1 8297 -680
1 8298 182
1 8300 305
1 8302 -311
1 8303 447
1 8306 866
1 8307 514
1 8308 -600
1 8309 536
1 8310 -768
1 8311 285
1 8312 -794
1 8314 811
1 8315 -727
1 8316 56
1 8317 820
1 8319 174
1 8320 -760
1 8321 621
1 8322 919
1 8323 806
1 8324 -8
1 8325 -198
1 8326 108
1 8327 569
1 8331 746
1 8332 -814
1 8334 -327
1 8336 573
1 8337 -409
1 8338 -950
1 8339 875
1 8340 -438
1 8342 -486
1 8343 541
1 8345 453
1 8347 634
1 8348 519
1 8350 -159
1 8352 -722
1 8353 783
1 8355 -152
1 8356 845
1 8358 353
1 8359 -461
1 8360 -586
1 8364 558
1 8366 427
1 8367 -544
1 8368 169
1 8369 5
1 8370 -289
1 8373 -461
1 8375 483
1 8378 853
1 8379 -642
1 8380 845
1 8381 -299
1 8383 655
1 8386 -590
1 8387 821
1 8388 760
1 8389 492
1 8391 -269
1 8393 -338
1 8396 159
1 8397 622
1 8399 260
1 8404 664
1 8407 -343
1 8408 -594
1 8409 10
1 8410 -262
1 8412 556
1 8414 219
1 8415 -563
1 8416 -813
1 8420 -452
1 8422 371
1 8424 -720
1 8426 -716
1 8427 -120
1 8430 67
1 8431 -608
1 8432 921
1 8436 213
1 8437 -353
1 8438 974
1 8440 -907
1 8442 -588
1 8444 210
1 8445 -422
1 8447 993
1 8449 -430
1 8454 619
1 8456 531
1 8458 854
1 8459 726
1 8460 205
1 8461 217
1 8463 268
1 8464 -387
1 8465 542
1 8469 915
1 8473 131
1 8474 -937
1 8475 -19
1 8476 482
1 8481 -922
1 8483 -296
1 8486 -420
1 8488 981
1 8490 259
1 8494 397
1 8499 -955
1 8501 -226
1 8502 -456
1 8503 545
1 8505 376
1 8506 -571
1 8508 -871
1 8509 -111
1 8510 -996
1 8513 600
1 8515 -837
1 8516 -319
1 8517 937
1 8518 -671
1 8521 -299
1 8522 221
1 8524 81
1 8525 92
1 8526 -481
1 8529 820
1 8531 -809
1 8533 -181
1 8534 -911
1 8536 -430
1 8537 272
1 8542 -416
1 8545 -495
1 8546 -824
1 8548 -546
1 8549 -601
1 8550 524
1 8553 -504
1 8554 250
1 8556 -33
1 8558 52
1 8559 877
1 8560 -721
1 8563 -573
1 8565 628
1 8568 718
1 8569 487
1 8572 -416
1 8573 -159
1 8575 -19
1 8576 -807
1 8579 -908
1 8580 916
1 8582 -890
1 8583 -924
1 8585 -227
1 8588 928
1 8591 -885
1 8593 362
1 8595 662
1 8597 834
1 8601 -195
1 8602 444
1 8605 -219
1 8606 678
1 8608 -153
1 8610 103
1 8612 496
1 8613 -369
1 8616 -78
1 8618 723
1 8621 103
1 8623 88
1 8624 667
1 8626 -715
1 8627 -326
1 8632 -141
1 8635 500
1 8639 210
1 8640 -90
1 8642 306
1 8644 -510
1 8646 158
1 8650 -778
1 8651 304
1 8652 783
1 8654 198
1 8659 -810
1 8660 345
1 8661 841
1 8662 509
1 8663 -695
1 8664 -662
1 8665 325
1 8666 466
1 8668 -624
1 8670 -965
1 8671 -630
1 8672 -4
1 8673 212
1 8674 -346
1 8675 293
1 8676 -223
1 8678 -342
1 8679 -630
1 8680 -686
1 8681 657
1 8682 -381
1 8684 437
1 8685 -301
1 8689 -207
1 8690 898
1 8693 862
1 8696 21
1 8697 306
1 8698 -703
1 8700 -839
1 8702 676
1 8704 516
1 8709 554
1 8712 738
1 8714 -956
1 8717 -214
1 8719 -844
1 8720 -53
1 8721 487
1 8723 418
1 8724 -928
1 8726 184
1 8731 -305
1 8733 707
1 8734 709
1 8735 -181
1 8737 588
1 8738 -505
1 8739 384
1 8741 680
1 8744 -465
1 8746 -639
1 8747 -234
1 8748 468
1 8749 -333
1 8754 -587
1 8759 68
1 8760 523
1 8761 813
1 8762 -640
1 8766 648
1 8767 109
1 8769 565
1 8773 740
1 8776 898
1 8779 -229
1 8781 66
1 8784 -790
1 8787 -713
1 8790 -232
1 8791 404
1 8792 -970
1 8794 -952
1 8795 102
1 8796 -700
1 8799 -135
1 8801 373
1 8802 -945
1 8803 -184
1 8804 -899
1 8806 -772
1 8811 -502
1 8817 -840
1 8819 852
1 8822 169
1 8823 -368
1 8825 -663
1 8827 -176
1 8828 686
1 8830 463
1 8831 -785
1 8832 811
1 8833 -530
1 8836 -987
1 8838 204
1 8844 -761
1 8847 -94
1 8848 -580
1 8850 934
1 8853 -269
1 8854 -90
1 8855 201
1 8858 -849
1 8860 5
1 8867 -869
1 8868 249
1 8869 594
1 8870 183
1 8871 838
1 8874 -505
1 8876 282
1 8877 508
1 8878 638
1 8879 -910
1 8881 -227
1 8882 871
1 8884 -772
1 8885 780
1 8891 -499
1 8894 341
1 8896 580
1 8899 -720
1 8900 542
1 8901 -870
1 8902 -875
1 8903 -269
1 8908 937
1 8909 -29
1 8913 216
1 8915 -481
1 8919 340
1 8920 456
1 8925 851
1 8926 -959
1 8927 -165
1 8930 120
1 8931 -998
1 8932 869
1 8933 47
1 8934 690
1 8936 92
1 8937 -833
1 8939 -594
1 8941 -384
1 8944 -411
1 8945 -435
1 8946 973
1 8948 796
1 8952 -18
1 8954 726
1 8955 -567
1 8956 -829
1 8957 -299
1 8959 -110
1 8961 -646
1 8963 878
1 8964 739
1 8966 938
1 8968 -3
1 8970 248
1 8971 756
1 8972 -881
1 8973 891
1 8974 -770
1 8975 -98
1 8976 940
1 8977 806
1 8978 122
1 8981 -396
1 8984 362
1 8986 86
1 8987 -137
1 8988 741
1 8989 -845
1 8990 -971
1 8991 813
1 8992 240
1 8993 -122
1 8995 -25
1 8996 -582
1 8997 654
1 8998 879
1 8999 -609
1 9000 -245
1 9002 -198
1 9004 792
1 9005 15
1 9006 -14
1 9007 903
1 9009 140
1 9011 -741
1 9012 143
1 9014 368
1 9015 458
1 9016 -257
1 9017 930
1 9018 854
1 9020 100
1 9022 523
1 9023 -761
1 9024 640
1 9030 102
1 9032 976
1 9034 -962
1 9035 -45
1 9037 865
1 9038 -149
1 9039 -825
1 9040 836
1 9042 529
1 9043 970
1 9044 320
1 9046 -481
1 9048 -918
1 9051 793
1 9052 789
1 9055 -523
1 9056 117
1 9057 563
1 9059 611
1 9061 -137
1 9064 -656
1 9067 -284
1 9068 393
1 9073 486
1 9074 293
1 9076 778
1 9077 -487
1 9078 80
1 9079 -491
1 9080 558
1 9081 133
1 9083 -259
1 9084 -9
1 9088 897
1 9089 499
1 9092 833
1 9096 -852
1 9098 -707
1 9099 443
1 9102 901
1 9104 545
1 9106 -396
1 9108 373
1 9109 975
1 9110 586
1 9118 -756
1 9119 -512
1 9120 -96
1 9122 -899
1 9124 469
1 9125 -300
1 9127 737
1 9128 281
1 9129 -678
1 9130 -791
1 9131 -412
1 9133 -206
1 9134 542
1 9135 41
1 9136 243
1 9137 -621
1 9138 317
1 9139 692
1 9143 -558
1 9144 752
1 9153 -487
1 9154 471
1 9156 -174
1 9157 412
1 9159 -458
1 9160 543
1 9162 343
1 9163 146
1 9165 969
1 9167 316
1 9169 -228
1 9171 191
1 9174 437
1 9175 453
1 9177 306
1 9180 -881
1 9183 413
1 9186 339
1 9188 -582
1 9191 532
1 9192 876
1 9195 -490
1 9197 -116
1 9206 897
1 9208 809
1 9209 -637
1 9211 -375
1 9214 -14
1 9215 -434
1 9218 374
1 9219 449
1 9222 -26
1 9224 67
1 9226 -930
1 9227 -659
1 9230 -932
1 9231 -12
1 9232 392
1 9233 -149
1 9234 290
1 9235 -801
1 9239 574
1 9240 990
1 9242 687
1 9244 852
1 9245 278
1 9253 311
1 9256 702
1 9257 927
1 9259 526
1 9260 535
1 9261 132
1 9262 -165
1 9267 167
1 9268 -503
1 9269 -390
1 9270 974
1 9272 578
1 9274 -391
1 9275 -451
1 9277 -424
1 9278 -603
1 9283 -20
1 9284 814
1 9285 839
1 9287 444
1 9288 -441
1 9289 546
1 9290 960
1 9292 -433
1 9293 893
1 9296 -50
1 9299 325
1 9302 -754
1 9303 -550
1 9304 232
1 9305 919
1 9307 574
1 9309 195
1 9312 -678
1 9315 614
1 9316 -485
1 9319 -320
1 9320 379
1 9321 -789
1 9322 666
1 9325 199
1 9327 978
1 9328 883
1 9329 -799
1 9333 -144
1 9337 -957
1 9344 -472
1 9345 -72
1 9348 593
1 9350 -211
1 9351 922
1 9352 423
1 9353 269
1 9354 95
1 9358 431
1 9359 -735
1 9363 689
1 9364 353
1 9366 366
1 9374 715
1 9375 979
1 9378 -191
1 9379 758
1 9383 657
1 9384 582
1 9387 338
1 9388 -821
1 9396 -635
1 9398 -318
1 9400 528
1 9401 576
1 9402 -511
1 9403 -260
1 9404 -532
1 9406 393
1 9410 -507
1 9411 995
1 9412 48
1 9414 771
1 9416 479
1 9417 191
1 9419 588
1 9420 -592
1 9423 567
1 9427 900
1 9430 565
1 9431 -602
1 9432 -850
1 9433 442
1 9435 604
1 9437 -971
1 9440 -378
1 9442 417
1 9443 757
1 9445 -591
1 9446 -769
1 9447 205
1 9448 243
1 9449 901
1 9450 584
1 9451 492
1 9457 -819
1 9458 -487
1 9459 -300
1 9461 160
1 9462 978
1 9463 -686
1 9466 -490
1 9467 -835
1 9468 -476
1 9470 -210
1 9471 676
1 9472 410
1 9473 -443
1 9477 -965
1 9478 -90
1 9481 -444
1 9483 124
1 9488 -192
1 9491 -584
1 9497 819
1 9500 -893
1 9502 990
1 9503 490
1 9504 107
1 9505 -44
1 9506 446
1 9508 584
1 9510 632
1 9512 693
1 9514 637
1 9517 870
1 9518 636
1 9523 86
1 9525 -617
1 9527 -450
1 9528 -356
1 9536 -133
1 9538 -373
1 9542 -871
1 9543 150
1 9544 869
1 9546 -815
1 9548 -500
1 9549 -995
1 9550 734
1 9554 486
1 9556 224
1 9557 524
1 9558 -123
1 9559 -745
1 9560 605
1 9563 -253
1 9564 -848
1 9565 -667
1 9566 397
1 9567 -877
1 9568 328
1 9569 -263
1 9571 -382
1 9572 -432
1 9574 90
1 9576 -649
1 9580 68
1 9582 181
1 9584 -623
1 9586 -447
1 9591 -69
1 9595 878
1 9597 391
1 9598 -891
1 9600 -316
1 9602 183
1 9606 716
1 9607 699
1 9609 -460
1 9610 689
1 9612 -915
1 9614 512
1 9616 552
1 9617 -291
1 9620 230
1 9621 196
1 9622 -23
1 9623 -16
1 9624 -906
1 9625 796
1 9629 730
1 9630 -906
1 9633 305
1 9634 989
1 9643 -42
1 9644 334
1 9646 -778
1 9648 699
1 9651 208
1 9652 -113
1 9653 228
1 9654 715
1 9656 652
1 9657 -859
1 9659 -130
1 9665 -555
1 9669 -87
1 9673 -145
1 9674 -951
1 9679 127
1 9680 -966
1 9682 502
1 9688 692
1 9691 582
1 9693 173
1 9694 -247
1 9695 508
1 9697 -651
1 9698 510
1 9699 100
1 9700 212
1 9701 -876
1 9702 198
1 9703 668
1 9706 242
1 9707 493
1 9708 -308
1 9709 106
1 9711 988
1 9712 -545
1 9717 60
1 9718 167
1 9722 404
1 9723 431
1 9724 939
1 9726 -292
1 9728 -422
1 9729 -384
1 9730 649
1 9732 712
1 9736 -184
1 9739 -489
1 9741 -962
1 9743 248
1 9746 -880
1 9747 139
1 9748 631
1 9750 -602
1 9751 469
1 9752 954
1 9754 -310
1 9755 -459
1 9756 941
1 9759 812
1 9762 844
1 9764 -939
1 9765 494
1 9766 -641
1 9769 -274
1 9770 854
1 9771 300
1 9776 -746
1 9779 513
1 9780 -390
1 9782 606
1 9787 -352
1 9789 -485
1 9790 878
1 9792 -567
1 9793 -418
1 9795 -450
1 9796 -765
1 9798 773
1 9799 -229
1 9800 -946
1 9801 179
1 9802 904
1 9805 -534
1 9806 -209
1 9807 501
1 9810 912
1 9812 -58
1 9816 769
1 9818 -973
1 9820 -131
1 9821 -809
1 9825 975
1 9827 655
1 9828 -650
1 9829 766
1 9832 -814
1 9834 984
1 9835 512
1 9836 -867
1 9837 -231
1 9840 824
1 9841 -18
1 9843 323
1 9844 -337
1 9846 -700
1 9847 -88
1 9849 424
1 9850 -78
1 9854 -519
1 9855 792
1 9857 67
1 9858 794
1 9859 507
1 9860 -455
1 9862 850
1 9863 -435
1 9866 -251
1 9870 704
1 9873 280
1 9875 560
1 9879 609
1 9881 987
1 9883 841
1 9887 -616
1 9888 542
1 9890 -784
1 9891 -470
1 9892 108
1 9894 -414
1 9897 757
1 9898 -292
1 9899 927
1 9903 769
1 9907 208
1 9909 537
1 9913 -947
1 9914 697
1 9915 967
1 9917 -937
1 9918 735
1 9919 -214
1 9921 13
1 9922 333
1 9923 -314
1 9927 -906
1 9930 102
1 9931 -744
1 9932 -122
1 9935 593
1 9936 636
1 9939 562
1 9943 431
1 9944 -557
1 9945 -938
1 9949 694
1 9953 955
1 9954 565
1 9955 342
1 9956 164
1 9958 -644
1 9959 366
1 9960 888
1 9961 -950
1 9963 -81
1 9967 -929
1 9968 -715
1 9970 333
1 9971 147
1 9972 239
1 9973 -259
1 9977 -464
1 9978 300
1 9979 620
1 9980 -178
1 9981 -804
1 9982 -810
1 9984 848
1 9985 -626
1 9986 -589
1 9987 -831
1 9988 348
1 9990 663
1 9991 -257
1 9993 -610
1 9994 -327
1 9997 -199
1 9999 41
1 10000 -297
