10000 1 4964
1 1 573
12 1 709
13 1 -190
15 1 983
16 1 -892
17 1 -932
18 1 931
19 1 -80
20 1 262
24 1 377
26 1 544
27 1 549
31 1 -264
32 1 -874
34 1 -224
35 1 -567
36 1 -1
37 1 -121
39 1 -356
43 1 178
44 1 139
46 1 589
47 1 416
48 1 -708
49 1 228
50 1 -689
52 1 361
53 1 -120
54 1 -12
56 1 -919
57 1 -702
59 1 777
61 1 867
65 1 124
66 1 837
68 1 368
74 1 592
80 1 243
82 1 869
84 1 -431
85 1 -130
87 1 -425
88 1 -722
89 1 -127
91 1 118
93 1 -162
97 1 -890
100 1 405
102 1 -804
103 1 759
104 1 -481
109 1 -3
113 1 -347
115 1 -673
116 1 53
119 1 280
123 1 12
126 1 -320
127 1 173
128 1 -774
129 1 462
139 1 909
140 1 -135
142 1 -951
143 1 -179
144 1 871
145 1 290
146 1 -593
148 1 102
150 1 578
151 1 -725
152 1 420
154 1 -162
158 1 323
159 1 -62
163 1 476
164 1 -441
166 1 263
168 1 843
170 1 421
171 1 -31
172 1 -243
175 1 -7
178 1 -928
181 1 363
183 1 -15
185 1 828
187 1 -611
188 1 187
190 1 391
194 1 -281
195 1 185
197 1 -53
199 1 808
200 1 647
205 1 -641
206 1 -297
210 1 -470
211 1 -424
213 1 -440
216 1 879
217 1 244
219 1 -225
220 1 664
222 1 369
223 1 876
225 1 -154
229 1 -656
231 1 615
232 1 169
235 1 -522
239 1 -143
245 1 -255
247 1 -948
249 1 -39
251 1 497
252 1 -191
255 1 391
256 1 -432
258 1 546
259 1 -51
260 1 640
262 1 937
266 1 741
267 1 -169
268 1 -552
271 1 -449
276 1 -517
277 1 -9
281 1 91
284 1 433
285 1 -573
286 1 150
290 1 811
291 1 -232
292 1 759
294 1 -780
296 1 767
297 1 -403
299 1 951
302 1 -640
303 1 -181
305 1 13
306 1 901
307 1 574
308 1 -1000
315 1 -730
317 1 551
318 1 734
319 1 -971
320 1 -74
321 1 -85
322 1 79
323 1 -689
324 1 -852
325 1 -643
326 1 42
327 1 -825
332 1 -620
334 1 310
335 1 550
337 1 741
343 1 77
346 1 738
347 1 482
348 1 -318
350 1 -766
352 1 822
354 1 928
357 1 956
359 1 -75
360 1 -421
361 1 849
363 1 196
364 1 -496
372 1 808
373 1 855
375 1 -822
376 1 -929
377 1 61
378 1 -264
380 1 625
381 1 -478
384 1 450
387 1 48
389 1 664
390 1 -231
392 1 -885
394 1 -687
400 1 -419
401 1 241
404 1 882
405 1 -254
408 1 -353
410 1 -374
411 1 -167
412 1 931
414 1 843
417 1 -570
419 1 769
420 1 255
421 1 -907
423 1 -455
424 1 785
425 1 810
427 1 838
429 1 685
430 1 570
434 1 -912
435 1 -54
436 1 268
437 1 80
439 1 331
443 1 -6
444 1 816
445 1 260
447 1 1
451 1 817
452 1 -372
453 1 563
454 1 -27
456 1 149
457 1 601
458 1 -299
459 1 174
460 1 -254
461 1 960
462 1 725
463 1 232
464 1 205
466 1 -202
467 1 -897
470 1 185
471 1 170
472 1 -247
473 1 -279
474 1 -448
478 1 867
479 1 874
480 1 391
482 1 471
483 1 261
492 1 896
494 1 -624
495 1 -271
497 1 30
504 1 -273
505 1 667
506 1 839
507 1 -44
508 1 235
509 1 430
511 1 -703
512 1 551
513 1 -91
514 1 -755
517 1 -789
522 1 -221
524 1 -295
525 1 425
527 1 269
532 1 -303
533 1 622
534 1 414
535 1 982
537 1 254
543 1 -245
545 1 -741
549 1 -145
550 1 152
556 1 112
562 1 -462
565 1 334
570 1 881
571 1 889
574 1 -422
575 1 -119
576 1 -178
578 1 981
579 1 271
580 1 -91
583 1 -319
586 1 798
587 1 -44
588 1 544
592 1 -208
594 1 291
595 1 -697
596 1 -975
597 1 -192
598 1 -682
599 1 -403
600 1 54
602 1 995
604 1 321
605 1 211
607 1 -355
609 1 -585
611 1 -964
613 1 500
614 1 898
617 1 -844
618 1 272
619 1 648
620 1 -178
623 1 91
625 1 -286
626 1 -613
632 1 -92
634 1 55
637 1 -492
639 1 795
642 1 414
644 1 712
645 1 -610
650 1 -97
651 1 -369
652 1 657
656 1 -847
657 1 169
658 1 395
660 1 -221
661 1 -222
662 1 -608
663 1 259
666 1 44
667 1 -818
668 1 394
669 1 -585
670 1 -127
679 1 -46
680 1 687
681 1 695
682 1 -296
683 1 -513
684 1 -704
687 1 -294
688 1 -666
689 1 67
690 1 -994
691 1 -998
692 1 -579
694 1 54
695 1 231
697 1 -413
698 1 -294
704 1 611
705 1 -292
706 1 524
707 1 723
708 1 -215
709 1 161
710 1 597
711 1 170
712 1 -462
713 1 -939
714 1 -179
715 1 -704
716 1 -852
718 1 306
720 1 726
724 1 186
726 1 -149
730 1 339
731 1 -549
732 1 421
733 1 427
734 1 -409
735 1 -100
738 1 439
742 1 117
743 1 893
745 1 783
746 1 830
748 1 -104
749 1 551
750 1 577
754 1 -797
757 1 -766
759 1 839
760 1 750
770 1 314
771 1 360
772 1 7
774 1 544
775 1 368
778 1 870
779 1 351
782 1 414
783 1 267
787 1 845
789 1 -663
794 1 156
796 1 3
797 1 -951
798 1 338
800 1 -358
801 1 319
802 1 122
805 1 -242
806 1 -636
807 1 -529
808 1 44
811 1 635
812 1 -538
815 1 995
818 1 -156
819 1 -339
821 1 948
822 1 -163
824 1 62
825 1 -481
829 1 118
830 1 971
833 1 -978
834 1 -763
836 1 634
837 1 -326
840 1 -235
842 1 740
844 1 -22
845 1 -549
846 1 671
849 1 -192
854 1 600
855 1 637
859 1 382
862 1 -552
863 1 -289
864 1 989
867 1 -167
872 1 676
876 1 -718
877 1 -544
878 1 -210
879 1 620
884 1 -84
889 1 -284
890 1 473
891 1 199
893 1 -381
894 1 68
895 1 658
896 1 -290
897 1 -449
900 1 641
902 1 -302
903 1 -137
904 1 578
906 1 472
907 1 444
911 1 858
914 1 -670
917 1 782
918 1 400
921 1 -790
922 1 155
924 1 432
925 1 485
926 1 957
927 1 607
928 1 -580
929 1 -222
931 1 -480
932 1 -888
933 1 198
934 1 523
939 1 -935
941 1 -581
943 1 471
944 1 -220
946 1 -886
949 1 -312
952 1 974
953 1 -101
954 1 834
955 1 950
956 1 -260
957 1 678
958 1 41
959 1 899
963 1 -55
965 1 469
966 1 148
969 1 357
970 1 -49
971 1 -800
973 1 874
977 1 -734
978 1 921
983 1 349
984 1 440
985 1 835
987 1 -147
988 1 -332
989 1 44
992 1 949
993 1 -814
994 1 338
995 1 -92
1001 1 -536
1002 1 390
1005 1 563
1008 1 -370
1009 1 852
1013 1 409
1014 1 -729
1018 1 105
1019 1 324
1021 1 -469
1022 1 85
1023 1 -158
1024 1 680
1025 1 -383
1026 1 782
1029 1 -917
1030 1 598
1031 1 -524
1033 1 945
1037 1 845
1041 1 -749
1045 1 -977
1046 1 -978
1047 1 737
1049 1 284
1051 1 -624
1054 1 975
1056 1 -447
1057 1 107
1060 1 -843
1061 1 -673
1062 1 -138
1063 1 375
1067 1 -982
1070 1 -702
1072 1 113
1073 1 -595
1074 1 -305
1075 1 560
1078 1 296
1079 1 -95
1081 1 77
1082 1 -474
1084 1 -650
1085 1 954
1086 1 -285
1087 1 814
1088 1 -454
1090 1 896
1092 1 625
1093 1 881
1096 1 649
1097 1 233
1098 1 438
1099 1 -430
1100 1 -676
1102 1 668
1104 1 150
1105 1 -900
1106 1 -108
1107 1 98
1108 1 569
1109 1 782
1113 1 605
1115 1 415
1119 1 488
1120 1 -462
1123 1 929
1126 1 206
1128 1 -829
1129 1 -618
1131 1 -334
1134 1 630
1135 1 -803
1136 1 381
1138 1 -49
1140 1 -707
1142 1 -405
1144 1 -610
1147 1 -342
1150 1 823
1151 1 285
1152 1 -216
1154 1 -582
1155 1 958
1162 1 658
1164 1 -199
1168 1 -318
1169 1 -132
1175 1 -216
1177 1 674
1179 1 653
1180 1 753
1181 1 418
1182 1 -138
1187 1 -675
1191 1 192
1193 1 995
1194 1 663
1197 1 862
1198 1 -601
1203 1 972
1204 1 -538
1205 1 -846
1206 1 541
1207 1 406
1209 1 65
1212 1 -379
1213 1 -367
1216 1 -452
1219 1 388
1220 1 -579
1221 1 -911
1223 1 6
1225 1 327
1227 1 -620
1228 1 -59
1229 1 394
1230 1 -734
1231 1 945
1232 1 -806
1233 1 465
1234 1 834
1236 1 924
1238 1 586
1241 1 5
1242 1 938
1243 1 -559
1245 1 220
1246 1 -963
1247 1 212
1250 1 149
1254 1 142
1255 1 -556
1259 1 -93
1263 1 908
1264 1 -914
1266 1 48
1268 1 178
1270 1 -24
1271 1 132
1272 1 318
1274 1 -143
1275 1 -283
1276 1 -330
1277 1 936
1279 1 -501
1280 1 -708
1281 1 292
1282 1 -462
1283 1 -744
1284 1 150
1285 1 -340
1286 1 -525
1294 1 -486
1295 1 812
1297 1 792
1299 1 -235
1300 1 -515
1303 1 520
1304 1 -95
1307 1 -736
1310 1 186
1311 1 -288
1312 1 849
1314 1 91
1316 1 -743
1317 1 834
1320 1 -232
1322 1 -529
1325 1 -639
1330 1 120
1331 1 -448
1333 1 701
1335 1 -487
1337 1 507
1339 1 207
1340 1 601
1342 1 -707
1345 1 302
1346 1 185
1347 1 -708
1348 1 445
1349 1 -84
1352 1 599
1356 1 -395
1358 1 82
1359 1 279
1362 1 -824
1363 1 244
1369 1 584
1371 1 -780
1372 1 542
1373 1 338
1374 1 811
1377 1 115
1378 1 527
1379 1 999
1380 1 -893
1387 1 -163
1389 1 -376
1391 1 992
1393 1 -182
1394 1 14
1395 1 -827
1397 1 120
1399 1 897
1401 1 458
1403 1 106
1404 1 359
1410 1 654
1414 1 -359
1416 1 768
1420 1 876
1421 1 975
1422 1 245
1423 1 12
1424 1 -102
1427 1 715
1428 1 -936
1429 1 -697
1431 1 321
1433 1 -644
1436 1 563
1438 1 -474
1439 1 -182
1440 1 -631
1441 1 -822
1444 1 -224
1447 1 -949
1449 1 361
1450 1 -59
1451 1 337
1452 1 172
1454 1 478
1455 1 -902
1458 1 613
1459 1 -489
1460 1 -668
1461 1 715
1464 1 577
1469 1 13
1470 1 -480
1471 1 933
1473 1 -754
1474 1 824
1477 1 602
1481 1 180
1482 1 443
1484 1 580
1487 1 -374
1488 1 -727
1489 1 585
1490 1 -299
1492 1 459
1493 1 -171
1494 1 994
1495 1 -535
1496 1 -653
1502 1 -85
1503 1 90
1508 1 -133
1509 1 966
1510 1 -781
1513 1 -490
1516 1 -324
1517 1 -579
1518 1 -280
1519 1 -772
1520 1 -976
1522 1 70
1524 1 -697
1525 1 494
1528 1 -465
1529 1 -698
1531 1 529
1535 1 22
1536 1 -692
1537 1 750
1538 1 -135
1540 1 -316
1543 1 470
1544 1 479
1545 1 646
1550 1 987
1551 1 -204
1556 1 599
1557 1 -609
1559 1 46
1560 1 966
1561 1 -842
1563 1 -492
1564 1 -897
1567 1 -117
1574 1 742
1579 1 -183
1581 1 -313
1587 1 -300
1590 1 -522
1592 1 411
1593 1 524
1594 1 -542
1595 1 327
1596 1 -916
1597 1 -156
1602 1 464
1605 1 -443
1609 1 177
1610 1 265
1611 1 -439
1614 1 42
1615 1 -779
1617 1 926
1618 1 -486
1620 1 -366
1623 1 97
1625 1 993
1626 1 550
1628 1 96
1632 1 -234
1633 1 -1
1634 1 -762
1635 1 -486
1636 1 -282
1638 1 -234
1641 1 749
1642 1 -191
1644 1 128
1645 1 30
1646 1 901
1649 1 486
1652 1 -549
1655 1 -371
1656 1 -34
1657 1 -220
1658 1 -467
1660 1 991
1661 1 741
1664 1 386
1665 1 -648
1667 1 -275
1668 1 368
1670 1 -833
1678 1 10
1681 1 -918
1682 1 -310
1684 1 562
1685 1 -931
1686 1 -664
1687 1 -172
1690 1 -152
1692 1 161
1695 1 -15
1697 1 52
1698 1 208
1699 1 -592
1701 1 972
1702 1 2
1703 1 -174
1705 1 562
1707 1 -768
1712 1 -339
1713 1 131
1714 1 -380
1715 1 -99
1720 1 90
1726 1 -790
1729 1 -470
1731 1 -314
1732 1 570
1735 1 952
1736 1 -367
1739 1 693
1740 1 -68
1742 1 -558
1744 1 728
1745 1 428
1749 1 -904
1752 1 199
1755 1 -905
1756 1 116
1758 1 -411
1759 1 -758
1762 1 -454
1763 1 -387
1764 1 -568
1765 1 300
1766 1 -477
1767 1 727
1769 1 418
1770 1 401
1774 1 56
1776 1 709
1778 1 568
1781 1 875
1789 1 915
1790 1 262
1791 1 183
1792 1 185
1794 1 828
1798 1 143
1799 1 -100
1805 1 -985
1807 1 92
1808 1 -258
1812 1 -540
1813 1 -756
1815 1 515
1816 1 -836
1820 1 321
1821 1 309
1825 1 997
1828 1 -626
1831 1 310
1832 1 600
1833 1 -828
1835 1 -434
1836 1 -443
1837 1 11
1839 1 859
1840 1 -551
1841 1 -902
1844 1 179
1845 1 -343
1848 1 -668
1849 1 450
1850 1 -75
1852 1 253
1854 1 15
1858 1 -596
1859 1 -300
1866 1 -825
1867 1 -718
1868 1 -229
1869 1 -845
1873 1 923
1876 1 -701
1877 1 555
1878 1 -270
1879 1 -515
1881 1 -8
1882 1 134
1883 1 -866
1886 1 -671
1887 1 92
1888 1 -256
1891 1 -740
1894 1 817
1895 1 708
1896 1 -483
1899 1 776
1900 1 -707
1902 1 743
1903 1 -913
1906 1 -477
1907 1 42
1914 1 722
1915 1 404
1917 1 312
1922 1 -973
1923 1 -846
1925 1 -992
1929 1 -841
1930 1 -446
1931 1 -681
1933 1 613
1940 1 -977
1943 1 808
1944 1 -845
1945 1 -756
1947 1 -710
1948 1 506
1949 1 -160
1953 1 653
1954 1 -848
1955 1 -343
1957 1 -798
1960 1 -955
1962 1 957
1963 1 -437
1966 1 598
1968 1 -553
1973 1 458
1974 1 736
1975 1 435
1977 1 -751
1978 1 441
1980 1 -252
1982 1 117
1985 1 -96
1992 1 -956
1993 1 636
1995 1 681
1999 1 -68
2003 1 560
2004 1 9
2006 1 964
2007 1 90
2008 1 -596
2010 1 266
2012 1 88
2014 1 -940
2015 1 -502
2017 1 -118
2018 1 667
2022 1 -382
2024 1 599
2025 1 48
2026 1 968
2027 1 536
2030 1 -540
2032 1 789
2034 1 -566
2036 1 690
2038 1 -87
2042 1 -291
2044 1 -691
2045 1 -585
2049 1 415
2050 1 361
2051 1 -558
2052 1 113
2053 1 -720
2054 1 -280
2058 1 -324
2060 1 -668
2063 1 691
2064 1 191
2065 1 561
2066 1 373
2067 1 -297
2068 1 -47
2072 1 929
2074 1 867
2075 1 756
2076 1 -88
2078 1 241
2079 1 779
2081 1 563
2084 1 -531
2085 1 -527
2088 1 606
2091 1 -296
2092 1 -144
2097 1 324
2099 1 454
2104 1 -769
2105 1 -330
2107 1 -996
2108 1 620
2110 1 -203
2111 1 -923
2112 1 623
2114 1 -418
2115 1 -187
2117 1 -415
2118 1 508
2120 1 -369
2126 1 770
2128 1 -419
2131 1 -6
2132 1 419
2133 1 185
2134 1 316
2135 1 -183
2137 1 315
2139 1 816
2142 1 572
2143 1 -451
2144 1 407
2149 1 678
2152 1 820
2153 1 661
2154 1 -630
2156 1 376
2157 1 -512
2158 1 -397
2159 1 -311
2160 1 144
2164 1 -612
2165 1 707
2170 1 451
2172 1 -641
2174 1 148
2177 1 992
2178 1 -994
2184 1 -413
2185 1 -343
2187 1 434
2188 1 864
2189 1 -229
2191 1 -96
2193 1 992
2202 1 -499
2203 1 -606
2204 1 585
2207 1 -279
2209 1 338
2212 1 -824
2213 1 428
2216 1 231
2217 1 921
2220 1 -659
2223 1 185
2224 1 -146
2225 1 -979
2226 1 677
2228 1 -316
2230 1 23
2231 1 -585
2232 1 722
2233 1 -12
2235 1 724
2238 1 -413
2239 1 -878
2240 1 -683
2242 1 460
2243 1 185
2246 1 912
2248 1 -866
2249 1 511
2254 1 -902
2256 1 -265
2258 1 -623
2260 1 238
2261 1 399
2264 1 217
2265 1 -691
2267 1 -548
2268 1 -996
2269 1 -142
2270 1 -581
2271 1 -106
2272 1 201
2273 1 -730
2274 1 -410
2275 1 86
2277 1 -464
2278 1 -783
2279 1 308
2281 1 -854
2282 1 -661
2284 1 908
2286 1 796
2288 1 478
2289 1 325
2292 1 169
2295 1 -333
2296 1 -317
2299 1 365
2302 1 990
2304 1 -661
2305 1 -544
2307 1 890
2308 1 148
2309 1 984
2311 1 -725
2312 1 -578
2314 1 -219
2317 1 -274
2320 1 -914
2321 1 502
2325 1 748
2328 1 158
2329 1 -419
2330 1 -426
2331 1 304
2332 1 51
2334 1 951
2335 1 677
2336 1 -457
2339 1 69
2340 1 -276
2342 1 479
2345 1 -642
2347 1 -794
2348 1 332
2349 1 813
2350 1 -260
2351 1 -526
2353 1 -554
2357 1 -500
2358 1 513
2359 1 -568
2362 1 267
2363 1 855
2364 1 -30
2365 1 18
2367 1 -785
2368 1 -433
2369 1 41
2373 1 214
2376 1 -361
2377 1 262
2378 1 -948
2380 1 -841
2381 1 -982
2383 1 910
2386 1 -970
2389 1 877
2390 1 92
2391 1 -9
2394 1 481
2396 1 -873
2397 1 59
2400 1 -108
2401 1 -243
2402 1 307
2403 1 -153
2405 1 -48
2406 1 495
2407 1 882
2408 1 -581
2409 1 -427
2410 1 -878
2413 1 94
2414 1 528
2418 1 704
2419 1 909
2423 1 311
2425 1 -666
2430 1 668
2431 1 377
2432 1 -121
2434 1 -434
2438 1 -6
2439 1 -101
2442 1 933
2443 1 197
2444 1 61
2445 1 212
2447 1 -35
2448 1 -346
2450 1 -397
2451 1 956
2453 1 -123
2454 1 -881
2456 1 -844
2459 1 50
2461 1 391
2463 1 -966
2465 1 -887
2466 1 -582
2468 1 -716
2470 1 693
2471 1 109
2473 1 77
2475 1 -998
2479 1 -82
2485 1 -16
2488 1 151
2489 1 -49
2493 1 503
2495 1 137
2496 1 449
2497 1 -610
2498 1 -354
2499 1 -131
2501 1 -113
2504 1 -280
2506 1 935
2511 1 -745
2515 1 448
2521 1 -279
2525 1 486
2527 1 751
2528 1 425
2545 1 454
2546 1 -340
2551 1 979
2553 1 407
2555 1 914
2557 1 273
2558 1 -38
2561 1 -181
2563 1 574
2564 1 18
2567 1 34
2568 1 -991
2569 1 590
2570 1 -895
2571 1 32
2573 1 347
2574 1 -913
2579 1 -680
2580 1 -629
2581 1 511
2582 1 672
2592 1 -71
2595 1 -583
2596 1 370
2597 1 224
2599 1 -322
2600 1 -390
2601 1 204
2602 1 710
2603 1 828
2604 1 680
2605 1 32
2606 1 -323
2607 1 -287
2608 1 922
2610 1 545
2613 1 643
2616 1 -135
2618 1 303
2622 1 -355
2623 1 208
2624 1 -870
2625 1 -985
2626 1 125
2631 1 -534
2632 1 755
2636 1 678
2637 1 860
2639 1 58
2641 1 -15
2642 1 723
2643 1 -26
2644 1 -345
2646 1 -490
2647 1 279
2648 1 94
2649 1 234
2650 1 -858
2651 1 -684
2653 1 601
2654 1 644
2655 1 939
2656 1 228
2660 1 -704
2661 1 27
2664 1 863
2665 1 -764
2666 1 691
2672 1 -526
2676 1 618
2679 1 -250
2680 1 856
2683 1 -848
2690 1 29
2692 1 -417
2695 1 671
2696 1 -309
2697 1 813
2699 1 357
2701 1 -560
2702 1 536
2703 1 -188
2706 1 939
2707 1 -500
2708 1 -331
2710 1 -708
2711 1 963
2712 1 -702
2715 1 -762
2720 1 -298
2730 1 -831
2732 1 163
2734 1 -401
2735 1 738
2736 1 -639
2738 1 -987
2739 1 -791
2741 1 -716
2742 1 -771
2743 1 -798
2745 1 -180
2746 1 -590
2754 1 -508
2758 1 -243
2759 1 -219
2764 1 777
2765 1 215
2767 1 899
2769 1 876
2770 1 -178
2771 1 413
2773 1 237
2776 1 -369
2778 1 -275
2779 1 -627
2781 1 -332
2782 1 -259
2786 1 -126
2787 1 -665
2788 1 315
2790 1 -316
2791 1 -482
2796 1 -912
2799 1 -577
2801 1 -607
2803 1 852
2804 1 684
2805 1 -667
2806 1 -369
2808 1 -135
2809 1 -109
2811 1 -549
2812 1 -91
2813 1 963
2815 1 940
2818 1 -593
2819 1 -424
2821 1 404
2823 1 313
2824 1 -736
2830 1 192
2832 1 930
2835 1 207
2836 1 -728
2837 1 125
2839 1 -443
2842 1 911
2844 1 929
2848 1 835
2849 1 -713
2851 1 255
2853 1 -28
2855 1 -681
2857 1 271
2858 1 -541
2859 1 964
2860 1 773
2861 1 828
2862 1 834
2864 1 350
2866 1 -42
2868 1 526
2869 1 553
2873 1 876
2875 1 -798
2882 1 -284
2883 1 -734
2884 1 894
2885 1 -875
2886 1 -733
2888 1 714
2890 1 -213
2892 1 -787
2893 1 252
2912 1 421
2917 1 896
2919 1 658
2923 1 -765
2925 1 -293
2926 1 -12
2927 1 -239
2928 1 -834
2929 1 -760
2934 1 -57
2935 1 -373
2936 1 -154
2937 1 741
2938 1 454
2939 1 -930
2941 1 -957
2942 1 -588
2943 1 -892
2945 1 769
2949 1 -104
2952 1 96
2954 1 132
2955 1 174
2958 1 229
2961 1 644
2962 1 628
2963 1 -556
2964 1 262
2965 1 833
2966 1 -699
2969 1 -866
2971 1 -975
2977 1 144
2979 1 -659
2980 1 552
2982 1 -961
2983 1 619
2984 1 -584
2987 1 320
2988 1 -911
2990 1 -346
2991 1 112
2994 1 -230
2996 1 -448
2997 1 -559
2998 1 -876
3000 1 -829
3006 1 -418
3008 1 -371
3010 1 -695
3011 1 2
3014 1 -247
3015 1 -530
3017 1 -964
3018 1 -703
3020 1 -994
3021 1 -328
3023 1 308
3024 1 -944
3025 1 483
3030 1 910
3032 1 -685
3039 1 517
3041 1 -759
3044 1 -608
3045 1 160
3048 1 -506
3051 1 -914
3052 1 150
3053 1 -380
3055 1 -850
3056 1 620
3057 1 431
3062 1 992
3063 1 155
3064 1 3
3065 1 -275
3067 1 -711
3068 1 115
3073 1 -793
3074 1 203
3079 1 -867
3081 1 724
3083 1 438
3086 1 -720
3087 1 679
3088 1 143
3090 1 -49
3091 1 587
3096 1 706
3097 1 546
3098 1 -807
3099 1 -113
3101 1 760
3103 1 -670
3105 1 -208
3108 1 552
3109 1 330
3110 1 778
3114 1 750
3118 1 172
3124 1 268
3125 1 307
3128 1 -293
3129 1 242
3133 1 124
3134 1 -105
3135 1 626
3138 1 -193
3139 1 -301
3140 1 -103
3141 1 -634
3142 1 -56
3146 1 -578
3156 1 -276
3157 1 384
3158 1 775
3159 1 516
3160 1 463
3161 1 -769
3162 1 971
3164 1 848
3166 1 -552
3167 1 859
3169 1 -486
3173 1 906
3174 1 699
3175 1 -924
3176 1 -829
3177 1 -564
3178 1 113
3179 1 -505
3181 1 -809
3186 1 -773
3187 1 257
3192 1 -647
3193 1 565
3195 1 765
3197 1 245
3199 1 -890
3202 1 926
3203 1 490
3205 1 -939
3207 1 943
3209 1 675
3210 1 -306
3212 1 -287
3213 1 -599
3215 1 392
3216 1 879
3218 1 301
3220 1 -460
3224 1 939
3227 1 788
3228 1 829
3229 1 -628
3230 1 -482
3231 1 -836
3232 1 511
3234 1 -3
3235 1 -7
3236 1 -945
3237 1 575
3238 1 759
3239 1 -86
3240 1 950
3241 1 -414
3242 1 -576
3243 1 633
3244 1 901
3245 1 -71
3248 1 -619
3249 1 979
3254 1 -467
3258 1 -851
3259 1 588
3260 1 799
3261 1 -340
3262 1 -622
3263 1 403
3264 1 -816
3265 1 352
3267 1 745
3268 1 -63
3269 1 -480
3270 1 381
3272 1 -687
3273 1 -482
3274 1 17
3275 1 773
3276 1 493
3279 1 -422
3281 1 -415
3282 1 873
3283 1 718
3284 1 -87
3285 1 880
3286 1 -673
3287 1 400
3289 1 364
3291 1 38
3292 1 -765
3296 1 -239
3297 1 -289
3298 1 -321
3299 1 112
3301 1 -577
3304 1 -589
3305 1 308
3309 1 718
3310 1 500
3314 1 -310
3317 1 -967
3318 1 20
3319 1 -891
3320 1 -615
3321 1 -692
3329 1 -183
3330 1 253
3332 1 60
3333 1 401
3334 1 -833
3335 1 -836
3339 1 248
3340 1 -875
3342 1 931
3345 1 783
3347 1 455
3352 1 10
3353 1 213
3354 1 663
3358 1 94
3361 1 -161
3362 1 -668
3363 1 883
3365 1 -838
3367 1 134
3368 1 436
3369 1 879
3370 1 -319
3371 1 74
3373 1 -498
3374 1 -204
3375 1 845
3377 1 -286
3378 1 41
3379 1 -142
3380 1 397
3381 1 279
3382 1 -379
3383 1 807
3387 1 -80
3391 1 -745
3394 1 602
3395 1 857
3397 1 -627
3399 1 228
3400 1 -378
3401 1 -700
3403 1 801
3404 1 968
3405 1 -187
3406 1 594
3407 1 -337
3409 1 485
3410 1 -868
3412 1 -749
3414 1 239
3416 1 388
3417 1 964
3418 1 -665
3419 1 162
3422 1 159
3424 1 934
3425 1 -280
3426 1 -170
3432 1 -362
3433 1 894
3436 1 -329
3439 1 961
3440 1 -308
3444 1 -185
3446 1 -4
3449 1 -914
3450 1 301
3452 1 505
3453 1 -51
3454 1 -311
3457 1 -263
3461 1 -507
3462 1 839
3463 1 -102
3464 1 444
3465 1 770
3466 1 612
3467 1 -458
3470 1 317
3474 1 500
3475 1 -135
3476 1 803
3478 1 918
3483 1 821
3484 1 -841
3487 1 -192
3488 1 -306
3489 1 -812
3490 1 -167
3491 1 -238
3492 1 635
3493 1 86
3494 1 730
3496 1 -407
3497 1 148
3499 1 696
3500 1 885
3501 1 -416
3502 1 216
3503 1 -580
3505 1 952
3506 1 469
3508 1 -879
3510 1 280
3511 1 -25
3514 1 -695
3520 1 -759
3521 1 552
3522 1 435
3523 1 -33
3528 1 -694
3529 1 456
3530 1 -498
3537 1 -163
3538 1 -827
3539 1 787
3540 1 482
3541 1 -229
3542 1 530
3544 1 477
3545 1 -214
3546 1 -403
3550 1 900
3551 1 -839
3552 1 365
3554 1 681
3555 1 -316
3558 1 -992
3561 1 438
3564 1 37
3568 1 316
3569 1 845
3571 1 688
3574 1 -151
3576 1 74
3577 1 -764
3578 1 782
3579 1 -933
3580 1 -293
3582 1 -147
3584 1 -290
3585 1 282
3586 1 -35
3587 1 -844
3588 1 -887
3589 1 588
3590 1 -214
3591 1 -516
3592 1 852
3594 1 -495
3596 1 304
3598 1 -610
3602 1 -207
3603 1 333
3604 1 -379
3605 1 302
3607 1 971
3613 1 -476
3615 1 -751
3616 1 -510
3617 1 366
3619 1 -556
3620 1 -725
3621 1 -12
3623 1 917
3626 1 -282
3628 1 328
3630 1 -790
3632 1 983
3634 1 -802
3635 1 715
3636 1 -767
3638 1 -528
3639 1 -393
3641 1 167
3642 1 -142
3643 1 688
3644 1 94
3647 1 -476
3648 1 -18
3649 1 169
3650 1 722
3651 1 -634
3655 1 -273
3657 1 582
3662 1 849
3663 1 858
3664 1 -252
3665 1 -973
3666 1 -13
3667 1 945
3671 1 -58
3675 1 -309
3680 1 -87
3682 1 116
3685 1 91
3686 1 -847
3688 1 -783
3691 1 -607
3693 1 257
3694 1 -590
3696 1 -672
3698 1 855
3699 1 556
3700 1 272
3701 1 -585
3702 1 -490
3703 1 -202
3704 1 783
3708 1 -346
3710 1 -74
3712 1 -843
3714 1 -393
3718 1 -191
3722 1 -758
3724 1 -476
3727 1 182
3728 1 -251
3729 1 952
3730 1 619
3731 1 -195
3735 1 623
3738 1 600
3739 1 422
3745 1 406
3747 1 -658
3750 1 282
3755 1 -154
3759 1 -181
3760 1 141
3761 1 -514
3763 1 987
3764 1 16
3766 1 735
3767 1 136
3768 1 -717
3769 1 180
3771 1 67
3772 1 -440
3774 1 -551
3777 1 906
3778 1 -811
3779 1 519
3782 1 991
3783 1 -848
3785 1 623
3788 1 -740
3789 1 -161
3790 1 -364
3791 1 421
3792 1 -113
3793 1 -914
3795 1 -627
3799 1 34
3801 1 -635
3803 1 -790
3805 1 221
3808 1 -90
3809 1 334
3810 1 135
3815 1 -306
3818 1 894
3819 1 402
3822 1 -473
3825 1 345
3830 1 37
3831 1 481
3835 1 -799
3838 1 542
3839 1 -702
3845 1 917
3850 1 960
3851 1 485
3853 1 228
3854 1 -452
3857 1 -418
3858 1 685
3862 1 -877
3863 1 277
3864 1 597
3870 1 -510
3872 1 498
3873 1 -316
3875 1 -332
3876 1 -663
3877 1 -326
3879 1 675
3880 1 394
3882 1 -440
3887 1 16
3890 1 -53
3894 1 679
3897 1 -242
3899 1 -710
3900 1 -629
3903 1 234
3904 1 706
3905 1 -741
3906 1 622
3909 1 -855
3913 1 -704
3915 1 165
3916 1 -709
3917 1 -4
3918 1 535
3920 1 -92
3923 1 971
3924 1 246
3927 1 -982
3928 1 -83
3929 1 -347
3930 1 -406
3932 1 -207
3934 1 -86
3937 1 -584
3946 1 721
3947 1 -133
3950 1 -435
3951 1 48
3953 1 662
3954 1 -546
3956 1 948
3957 1 -825
3963 1 145
3966 1 339
3968 1 248
3970 1 -427
3974 1 533
3975 1 -615
3976 1 -258
3978 1 661
3980 1 -213
3982 1 -788
3983 1 146
3984 1 -539
3986 1 -312
3987 1 509
3988 1 926
3993 1 622
3994 1 275
3995 1 -335
3996 1 -591
3998 1 -688
3999 1 -819
4000 1 -678
4003 1 -194
4004 1 886
4006 1 754
4007 1 563
4009 1 -896
4011 1 -526
4012 1 706
4014 1 -541
4019 1 -104
4020 1 655
4022 1 206
4024 1 178
4026 1 646
4028 1 -58
4030 1 449
4032 1 320
4033 1 -260
4038 1 620
4041 1 -706
4044 1 -58
4045 1 -587
4052 1 726
4056 1 877
4057 1 63
4058 1 93
4063 1 -379
4064 1 172
4066 1 939
4067 1 311
4070 1 957
4071 1 193
4076 1 721
4077 1 718
4078 1 -883
4081 1 -846
4083 1 -639
4085 1 -358
4087 1 729
4089 1 -442
4097 1 656
4102 1 917
4105 1 -304
4106 1 798
4110 1 -857
4111 1 -703
4112 1 -505
4117 1 367
4119 1 -756
4121 1 596
4123 1 503
4124 1 205
4128 1 832
4130 1 669
4133 1 -940
4134 1 916
4136 1 -763
4137 1 -757
4141 1 158
4142 1 -107
4143 1 306
4144 1 -220
4145 1 -891
4147 1 122
4148 1 -856
4149 1 -361
4150 1 -514
4153 1 -771
4156 1 556
4158 1 186
4161 1 -170
4163 1 817
4166 1 953
4170 1 -287
4171 1 -611
4173 1 962
4175 1 323
4177 1 -176
4178 1 -933
4179 1 -212
4183 1 -174
4185 1 -909
4189 1 -328
4191 1 425
4192 1 -489
4193 1 946
4194 1 853
4197 1 888
4201 1 200
4204 1 670
4206 1 721
4210 1 -448
4211 1 789
4213 1 270
4215 1 -180
4219 1 -57
4220 1 510
4223 1 733
4224 1 761
4225 1 -488
4226 1 161
4227 1 570
4228 1 964
4231 1 923
4233 1 -638
4234 1 -269
4235 1 -644
4236 1 156
4238 1 -916
4239 1 -674
4243 1 -114
4246 1 267
4249 1 -752
4254 1 552
4258 1 -150
4260 1 355
4261 1 894
4262 1 -718
4264 1 945
4265 1 490
4266 1 -462
4267 1 -260
4268 1 579
4273 1 -729
4274 1 -828
4275 1 -37
4276 1 -899
4277 1 187
4278 1 -125
4279 1 -80
4281 1 -599
4282 1 -147
4286 1 134
4287 1 197
4288 1 -751
4289 1 -870
4290 1 264
4294 1 -793
4295 1 443
4297 1 963
4302 1 517
4304 1 584
4306 1 -819
4307 1 -136
4310 1 -95
4311 1 -583
4314 1 63
4319 1 339
4320 1 681
4323 1 981
4325 1 548
4327 1 493
4331 1 367
4337 1 872
4341 1 370
4342 1 -835
4347 1 3
4348 1 -79
4350 1 -509
4355 1 774
4359 1 565
4360 1 630
4361 1 -642
4363 1 -832
4364 1 -959
4376 1 924
4379 1 -975
4380 1 273
4382 1 633
4383 1 174
4385 1 -877
4386 1 -824
4388 1 -718
4389 1 -891
4391 1 134
4393 1 334
4395 1 303
4399 1 828
4402 1 309
4408 1 -426
4409 1 616
4410 1 -476
4413 1 382
4414 1 -672
4415 1 -141
4416 1 -122
4418 1 126
4420 1 -832
4428 1 -455
4433 1 429
4434 1 -254
4435 1 926
4436 1 -639
4437 1 802
4438 1 -774
4441 1 -905
4444 1 -175
4445 1 321
4446 1 968
4447 1 855
4448 1 -406
4454 1 337
4455 1 -720
4456 1 499
4459 1 -113
4460 1 -130
4461 1 -938
4462 1 209
4465 1 263
4466 1 -937
4468 1 -787
4469 1 -453
4470 1 -322
4472 1 -607
4474 1 -438
4475 1 847
4476 1 31
4477 1 170
4482 1 801
4486 1 492
4487 1 802
4488 1 817
4489 1 204
4490 1 -176
4493 1 158
4495 1 -340
4496 1 -164
4498 1 -246
4499 1 496
4500 1 313
4503 1 -787
4504 1 30
4505 1 -47
4507 1 122
4509 1 -583
4510 1 835
4511 1 461
4512 1 -350
4513 1 570
4515 1 197
4517 1 486
4520 1 869
4521 1 -558
4522 1 -964
4525 1 -604
4526 1 341
4528 1 -619
4529 1 200
4531 1 331
4540 1 949
4541 1 -127
4542 1 737
4543 1 895
4546 1 -642
4547 1 279
4551 1 -977
4553 1 -276
4554 1 -700
4556 1 -122
4558 1 922
4559 1 589
4561 1 317
4563 1 -42
4566 1 220
4568 1 881
4569 1 983
4570 1 -97
4571 1 -158
4577 1 -985
4581 1 380
4583 1 -527
4584 1 -304
4585 1 842
4586 1 -469
4587 1 5
4590 1 -580
4592 1 31
4595 1 315
4596 1 619
4598 1 460
4599 1 17
4603 1 -64
4606 1 -721
4607 1 336
4608 1 -262
4609 1 376
4612 1 -709
4613 1 95
4616 1 474
4618 1 869
4620 1 -490
4621 1 -164
4622 1 -350
4625 1 -127
4629 1 -985
4630 1 -742
4631 1 -143
4632 1 -839
4633 1 -237
4634 1 560
4635 1 -267
4638 1 -244
4641 1 981
4643 1 757
4644 1 -325
4650 1 -572
4651 1 856
4653 1 -980
4657 1 207
4658 1 -852
4661 1 952
4663 1 -596
4664 1 -511
4665 1 -129
4666 1 882
4667 1 287
4668 1 423
4669 1 281
4671 1 -973
4675 1 -136
4676 1 416
4678 1 636
4680 1 493
4682 1 -828
4686 1 521
4688 1 -533
4690 1 830
4691 1 249
4692 1 152
4694 1 -622
4695 1 426
4696 1 470
4699 1 -119
4702 1 -134
4703 1 -569
4708 1 -447
4714 1 -7
4715 1 355
4716 1 825
4717 1 -407
4719 1 -769
4720 1 -17
4723 1 -215
4724 1 653
4725 1 726
4726 1 655
4730 1 -631
4732 1 996
4734 1 945
4736 1 445
4737 1 -46
4740 1 600
4741 1 -967
4745 1 -426
4747 1 804
4749 1 389
4751 1 660
4752 1 253
4753 1 209
4754 1 696
4756 1 12
4760 1 968
4762 1 316
4765 1 419
4766 1 -16
4767 1 -488
4768 1 328
4769 1 -646
4776 1 772
4777 1 -128
4779 1 871
4780 1 871
4790 1 -390
4797 1 767
4798 1 -118
4800 1 -372
4801 1 -147
4803 1 610
4804 1 279
4807 1 -648
4810 1 779
4812 1 389
4816 1 270
4818 1 376
4820 1 -193
4822 1 366
4828 1 -53
4829 1 513
4830 1 -574
4832 1 3
4833 1 -948
4834 1 -344
4837 1 -164
4838 1 -550
4840 1 689
4841 1 938
4842 1 -449
4844 1 -652
4847 1 -912
4848 1 -128
4851 1 -999
4854 1 -707
4857 1 -739
4858 1 -472
4862 1 972
4863 1 -406
4864 1 -92
4865 1 -354
4869 1 998
4870 1 -689
4871 1 133
4875 1 -865
4876 1 -72
4877 1 -106
4878 1 637
4882 1 -599
4888 1 70
4889 1 -72
4890 1 -19
4891 1 -919
4892 1 53
4893 1 -587
4903 1 739
4906 1 -784
4910 1 437
4912 1 20
4913 1 -423
4914 1 -979
4916 1 -169
4919 1 -522
4922 1 -422
4925 1 -22
4927 1 76
4930 1 501
4932 1 -542
4935 1 -602
4938 1 414
4939 1 391
4941 1 796
4943 1 266
4944 1 -793
4945 1 587
4950 1 -602
4953 1 102
4954 1 -433
4958 1 -960
4959 1 706
4961 1 -526
4964 1 335
4969 1 -706
4970 1 524
4972 1 702
4973 1 798
4975 1 -494
4978 1 -248
4979 1 -57
4980 1 -751
4982 1 328
4983 1 -917
4985 1 -988
4986 1 -398
4989 1 5
4990 1 514
4994 1 27
4998 1 742
5001 1 602
5005 1 -804
5006 1 -269
5009 1 913
5010 1 274
5011 1 -985
5013 1 -118
5015 1 336
5016 1 -574
5017 1 -922
5018 1 361
5019 1 519
5021 1 -802
5023 1 906
5025 1 93
5026 1 133
5027 1 -513
5028 1 584
5029 1 364
5030 1 -942
5031 1 -865
5035 1 -529
5039 1 -794
5040 1 -566
5042 1 373
5043 1 -662
5045 1 -536
5048 1 734
5050 1 685
5051 1 355
5052 1 933
5054 1 197
5057 1 666
5058 1 124
5060 1 -503
5061 1 -344
5062 1 -51
5065 1 701
5067 1 -837
5068 1 650
5071 1 -531
5073 1 972
5078 1 -245
5080 1 -280
5081 1 -208
5084 1 -53
5085 1 -648
5086 1 888
5089 1 626
5090 1 -241
5091 1 262
5093 1 323
5096 1 -931
5097 1 854
5098 1 925
5100 1 7
5101 1 954
5103 1 -918
5104 1 341
5105 1 754
5106 1 -262
5108 1 -150
5109 1 -293
5111 1 109
5114 1 -103
5116 1 459
5117 1 -104
5119 1 -242
5120 1 -985
5123 1 -489
5124 1 -118
5126 1 -920
5127 1 -468
5128 1 908
5129 1 135
5131 1 886
5134 1 739
5136 1 169
5137 1 283
5140 1 -176
5145 1 -271
5148 1 -37
5149 1 -692
5150 1 164
5151 1 -765
5153 1 -796
5156 1 122
5157 1 832
5160 1 389
5161 1 828
5162 1 -666
5163 1 -904
5165 1 804
5167 1 254
5171 1 377
5172 1 -400
5181 1 195
5182 1 -826
5185 1 234
5190 1 -751
5192 1 223
5193 1 -874
5197 1 122
5198 1 619
5199 1 -417
5202 1 -642
5208 1 644
5209 1 -349
5210 1 -747
5211 1 116
5212 1 366
5213 1 863
5214 1 704
5222 1 938
5224 1 -574
5228 1 98
5229 1 -907
5231 1 -140
5233 1 249
5234 1 -621
5235 1 -404
5236 1 453
5237 1 144
5238 1 176
5242 1 -751
5243 1 -512
5244 1 620
5245 1 -227
5247 1 250
5248 1 -129
5253 1 -140
5254 1 -447
5256 1 535
5257 1 -180
5259 1 -668
5261 1 638
5263 1 -795
5264 1 -19
5265 1 -461
5267 1 -246
5269 1 -319
5271 1 737
5272 1 325
5273 1 -637
5278 1 278
5279 1 683
5280 1 -139
5282 1 157
5284 1 -862
5286 1 -769
5291 1 -227
5292 1 -631
5295 1 918
5296 1 341
5300 1 270
5301 1 -559
5302 1 229
5303 1 158
5305 1 -356
5306 1 -508
5310 1 668
5312 1 812
5313 1 -645
5315 1 -552
5316 1 -162
5318 1 745
5321 1 -741
5322 1 552
5324 1 815
5325 1 -47
5326 1 385
5327 1 129
5330 1 599
5332 1 -648
5333 1 -312
5334 1 178
5340 1 -161
5341 1 855
5343 1 798
5344 1 -961
5351 1 722
5353 1 745
5354 1 640
5358 1 -191
5359 1 -611
5360 1 -196
5364 1 644
5366 1 -870
5367 1 -242
5368 1 435
5369 1 -193
5371 1 -443
5372 1 693
5374 1 -730
5375 1 -919
5378 1 43
5380 1 582
5385 1 -302
5387 1 377
5391 1 -617
5392 1 -289
5397 1 960
5402 1 -726
5403 1 -724
5404 1 16
5405 1 -409
5407 1 -461
5408 1 -235
5410 1 -186
5412 1 -861
5414 1 877
5415 1 513
5416 1 -209
5417 1 -219
5419 1 155
5422 1 -567
5424 1 -304
5426 1 -246
5430 1 -429
5432 1 581
5435 1 160
5439 1 7
5440 1 -761
5441 1 -750
5442 1 -246
5444 1 -130
5446 1 436
5448 1 -632
5449 1 -345
5451 1 -195
5454 1 -745
5458 1 -380
5461 1 -12
5466 1 -426
5468 1 -282
5472 1 -945
5474 1 83
5478 1 764
5479 1 722
5480 1 -853
5481 1 -484
5482 1 426
5490 1 -636
5491 1 354
5492 1 -344
5501 1 -101
5502 1 173
5503 1 -867
5504 1 -834
5505 1 -782
5506 1 219
5507 1 630
5508 1 -293
5509 1 -174
5511 1 893
5512 1 -693
5513 1 491
5514 1 115
5515 1 937
5517 1 188
5518 1 638
5520 1 -944
5521 1 226
5526 1 135
5527 1 -211
5529 1 841
5530 1 -654
5531 1 271
5533 1 482
5534 1 -832
5535 1 -332
5539 1 -194
5540 1 680
5549 1 405
5552 1 259
5554 1 -458
5556 1 -951
5557 1 -530
5561 1 895
5563 1 -343
5565 1 310
5568 1 -531
5571 1 -803
5573 1 785
5575 1 -321
5576 1 179
5580 1 -59
5585 1 -930
5586 1 481
5587 1 839
5588 1 -711
5591 1 367
5592 1 546
5594 1 -244
5595 1 -151
5596 1 174
5598 1 -953
5600 1 969
5603 1 336
5609 1 -562
5610 1 138
5615 1 -605
5619 1 830
5620 1 -533
5621 1 -323
5624 1 152
5626 1 -621
5627 1 -915
5628 1 987
5630 1 -151
5631 1 520
5633 1 -458
5634 1 -925
5638 1 847
5639 1 203
5640 1 -49
5642 1 -894
5643 1 -573
5645 1 -85
5646 1 -939
5647 1 638
5648 1 -874
5650 1 -614
5654 1 335
5655 1 408
5656 1 -162
5658 1 -516
5661 1 51
5662 1 -899
5676 1 235
5677 1 823
5678 1 585
5681 1 779
5683 1 -160
5684 1 -856
5686 1 -921
5687 1 543
5690 1 17
5692 1 -248
5693 1 -77
5694 1 84
5695 1 -521
5697 1 860
5698 1 883
5699 1 -854
5701 1 -683
5702 1 309
5704 1 -230
5707 1 135
5708 1 535
5709 1 -594
5711 1 -147
5713 1 -107
5716 1 -467
5717 1 839
5718 1 -958
5724 1 -227
5726 1 595
5729 1 -164
5734 1 938
5735 1 -200
5740 1 228
5741 1 292
5743 1 174
5744 1 310
5745 1 -97
5747 1 870
5749 1 -21
5750 1 541
5753 1 -574
5754 1 -679
5756 1 775
5757 1 971
5758 1 -739
5759 1 463
5760 1 766
5762 1 234
5763 1 -295
5764 1 776
5768 1 -512
5770 1 -445
5774 1 782
5775 1 -787
5776 1 -763
5778 1 -169
5779 1 803
5780 1 -80
5784 1 -460
5785 1 153
5786 1 564
5787 1 664
5788 1 539
5789 1 96
5790 1 -887
5791 1 -195
5792 1 427
5794 1 -807
5795 1 -431
5797 1 251
5798 1 490
5801 1 311
5802 1 507
5804 1 -177
5809 1 -589
5810 1 -372
5813 1 -302
5816 1 417
5821 1 814
5826 1 182
5830 1 139
5831 1 -17
5832 1 761
5834 1 276
5835 1 686
5837 1 -823
5838 1 298
5843 1 826
5844 1 709
5845 1 -947
5847 1 962
5850 1 -723
5852 1 -204
5860 1 -524
5862 1 977
5865 1 704
5866 1 824
5867 1 -558
5868 1 -742
5869 1 -884
5872 1 950
5875 1 659
5876 1 -191
5878 1 187
5879 1 148
5881 1 -914
5884 1 -791
5887 1 692
5890 1 -342
5891 1 696
5894 1 -820
5900 1 530
5901 1 225
5902 1 -52
5907 1 -292
5909 1 644
5910 1 820
5913 1 331
5916 1 -915
5918 1 529
5920 1 -836
5922 1 93
5923 1 -617
5925 1 813
5926 1 131
5927 1 206
5929 1 712
5933 1 912
5939 1 -219
5940 1 745
5942 1 102
5945 1 -451
5948 1 853
5949 1 -808
5950 1 234
5955 1 596
5956 1 -871
5958 1 -132
5963 1 -807
5964 1 268
5965 1 927
5968 1 298
5969 1 851
5970 1 363
5975 1 571
5977 1 -33
5979 1 -259
5981 1 33
5982 1 -398
5986 1 -455
5987 1 -94
5990 1 32
5991 1 482
5992 1 396
5993 1 972
5994 1 805
5998 1 892
6003 1 -423
6007 1 -538
6010 1 -60
6011 1 340
6012 1 -827
6017 1 700
6021 1 322
6023 1 14
6027 1 -789
6029 1 -804
6030 1 992
6031 1 -372
6033 1 13
6035 1 587
6037 1 -628
6044 1 -179
6045 1 791
6046 1 -958
6047 1 701
6049 1 851
6053 1 327
6054 1 -297
6056 1 170
6059 1 -214
6060 1 799
6061 1 61
6062 1 751
6065 1 -562
6066 1 -114
6070 1 609
6074 1 303
6075 1 914
6077 1 445
6080 1 410
6082 1 795
6084 1 831
6085 1 783
6086 1 26
6090 1 758
6091 1 -597
6094 1 757
6096 1 815
6097 1 839
6098 1 651
6101 1 690
6102 1 564
6107 1 800
6108 1 -265
6110 1 -148
6112 1 -440
6113 1 790
6114 1 871
6116 1 -152
6118 1 -682
6119 1 679
6122 1 968
6125 1 -411
6127 1 368
6136 1 -524
6138 1 114
6140 1 -207
6143 1 592
6144 1 -553
6145 1 493
6147 1 -150
6151 1 -959
6153 1 -541
6154 1 -246
6155 1 843
6159 1 -674
6160 1 -227
6162 1 -867
6165 1 835
6167 1 580
6169 1 -867
6171 1 -253
6175 1 -172
6176 1 81
6177 1 -533
6178 1 -936
6179 1 -73
6180 1 372
6181 1 156
6182 1 -874
6183 1 781
6185 1 694
6189 1 -611
6191 1 -322
6192 1 -7
6193 1 -406
6194 1 520
6195 1 -450
6197 1 -523
6201 1 705
6203 1 406
6204 1 456
6206 1 517
6207 1 580
6208 1 646
6209 1 -221
6210 1 812
6211 1 -816
6212 1 238
6213 1 566
6214 1 637
6215 1 40
6218 1 621
6219 1 256
6223 1 -94
6224 1 -221
6225 1 -219
6226 1 768
6227 1 -411
6228 1 188
6229 1 328
6232 1 -430
6234 1 -610
6235 1 -976
6237 1 902
6241 1 333
6242 1 839
6243 1 665
6245 1 -890
6246 1 -499
6250 1 -655
6253 1 979
6254 1 -943
6256 1 955
6259 1 -237
6260 1 5
6261 1 -678
6262 1 -503
6265 1 -487
6268 1 -190
6271 1 686
6274 1 -598
6275 1 -725
6277 1 197
6278 1 744
6281 1 -901
6288 1 466
6289 1 886
6290 1 94
6292 1 -481
6293 1 -417
6294 1 607
6295 1 989
6296 1 878
6299 1 -319
6304 1 -810
6305 1 -378
6306 1 825
6307 1 -530
6313 1 -229
6314 1 -676
6315 1 -463
6318 1 -536
6319 1 -321
6321 1 549
6322 1 111
6324 1 589
6325 1 -916
6329 1 -653
6330 1 -906
6332 1 934
6334 1 -626
6335 1 -943
6336 1 -199
6337 1 -207
6338 1 504
6340 1 290
6341 1 118
6344 1 -292
6345 1 -754
6347 1 207
6349 1 -23
6354 1 128
6359 1 791
6362 1 234
6363 1 -719
6365 1 388
6367 1 829
6370 1 -689
6371 1 270
6372 1 -1000
6373 1 -357
6376 1 -286
6377 1 -350
6379 1 954
6383 1 -92
6385 1 -296
6387 1 -956
6391 1 680
6392 1 62
6393 1 677
6394 1 176
6395 1 -960
6396 1 355
6398 1 728
6399 1 -108
6400 1 -822
6404 1 -20
6411 1 252
6413 1 -448
6414 1 -616
6418 1 923
6421 1 -360
6423 1 -80
6425 1 764
6427 1 -112
6429 1 900
6431 1 14
6432 1 197
6433 1 -510
6434 1 -368
6436 1 -215
6437 1 -679
6438 1 649
6439 1 -261
6441 1 -793
6443 1 276
6446 1 -585
6447 1 876
6448 1 391
6451 1 -682
6453 1 -515
6455 1 -795
6456 1 -615
6457 1 798
6458 1 31
6459 1 684
6461 1 -625
6462 1 -748
6463 1 -53
6464 1 219
6465 1 -61
6467 1 480
6468 1 699
6469 1 -303
6471 1 302
6472 1 749
6473 1 -153
6475 1 285
6479 1 509
6482 1 -21
6488 1 -528
6491 1 -560
6492 1 679
6493 1 262
6494 1 902
6495 1 -416
6500 1 519
6501 1 -663
6504 1 802
6505 1 966
6510 1 848
6512 1 246
6514 1 587
6515 1 766
6517 1 425
6518 1 579
6519 1 460
6520 1 317
6521 1 306
6523 1 51
6524 1 827
6528 1 -603
6529 1 -865
6530 1 -956
6531 1 -808
6532 1 -423
6535 1 -448
6538 1 -12
6541 1 -454
6543 1 142
6545 1 949
6547 1 -523
6549 1 -805
6550 1 -756
6551 1 -265
6552 1 661
6553 1 380
6554 1 322
6555 1 -422
6556 1 -861
6557 1 839
6558 1 152
6559 1 408
6561 1 601
6562 1 -713
6563 1 774
6567 1 517
6568 1 623
6570 1 -905
6571 1 -770
6573 1 661
6574 1 -645
6575 1 314
6577 1 177
6578 1 -17
6580 1 -250
6581 1 314
6582 1 -140
6584 1 228
6585 1 -997
6586 1 -736
6590 1 -868
6591 1 932
6593 1 937
6595 1 542
6596 1 889
6599 1 -933
6602 1 22
6605 1 -697
6608 1 -262
6609 1 965
6610 1 500
6611 1 -535
6612 1 -969
6613 1 -788
6615 1 900
6616 1 348
6618 1 497
6621 1 -893
6622 1 798
6623 1 -193
6624 1 -121
6625 1 -942
6626 1 -438
6629 1 55
6630 1 -571
6631 1 825
6632 1 -289
6637 1 -529
6638 1 28
6639 1 695
6642 1 813
6643 1 781
6644 1 392
6645 1 -785
6647 1 -2
6652 1 -808
6653 1 -549
6655 1 -988
6656 1 -35
6657 1 -258
6658 1 -287
6662 1 -176
6664 1 -873
6666 1 952
6668 1 -458
6669 1 -184
6670 1 690
6672 1 -366
6673 1 -34
6674 1 -525
6678 1 555
6680 1 283
6681 1 784
6682 1 946
6683 1 -679
6685 1 -192
6686 1 -572
6689 1 -822
6691 1 -280
6694 1 -98
6696 1 -904
6698 1 489
6699 1 246
6702 1 611
6703 1 599
6704 1 934
6706 1 -688
6707 1 -855
6710 1 -198
6712 1 469
6719 1 299
6720 1 938
6721 1 234
6722 1 54
6725 1 352
6727 1 -312
6728 1 -545
6729 1 214
6730 1 155
6731 1 303
6733 1 616
6735 1 -179
6736 1 20
6739 1 583
6743 1 793
6747 1 -930
6749 1 719
6752 1 -996
6753 1 -719
6754 1 26
6755 1 865
6757 1 -721
6758 1 609
6760 1 -166
6764 1 796
6768 1 -840
6773 1 -376
6778 1 -543
6782 1 750
6783 1 517
6784 1 -558
6787 1 960
6790 1 -795
6791 1 179
6792 1 -903
6794 1 589
6796 1 170
6797 1 -380
6800 1 582
6801 1 408
6802 1 384
6804 1 -807
6807 1 -916
6808 1 623
6810 1 -885
6811 1 271
6813 1 617
6814 1 180
6816 1 -380
6817 1 971
6819 1 389
6821 1 989
6823 1 -40
6827 1 829
6828 1 -543
6830 1 -822
6833 1 288
6834 1 -777
6836 1 382
6837 1 -771
6839 1 -503
6840 1 -985
6841 1 33
6842 1 334
6844 1 -328
6849 1 -369
6850 1 -918
6851 1 832
6852 1 369
6858 1 -541
6859 1 -239
6861 1 -930
6862 1 402
6868 1 628
6869 1 -580
6872 1 813
6876 1 16
6882 1 -288
6886 1 421
6887 1 -247
6889 1 972
6891 1 -963
6893 1 -344
6894 1 -828
6895 1 -959
6897 1 -483
6898 1 265
6899 1 -391
6900 1 -295
6903 1 -914
6904 1 502
6907 1 -673
6909 1 -784
6913 1 -793
6914 1 743
6915 1 -569
6916 1 -727
6917 1 -86
6920 1 458
6921 1 785
6922 1 -13
6923 1 440
6924 1 19
6926 1 -752
6928 1 779
6937 1 683
6938 1 -56
6940 1 228
6941 1 936
6942 1 111
6943 1 267
6945 1 561
6947 1 -44
6948 1 -437
6951 1 50
6952 1 -550
6955 1 658
6958 1 -705
6959 1 -519
6960 1 -737
6964 1 -817
6966 1 4
6968 1 -920
6969 1 676
6973 1 -188
6976 1 548
6977 1 658
6979 1 -668
6982 1 284
6985 1 -182
6989 1 -870
6991 1 231
6992 1 220
6993 1 -56
6995 1 81
6996 1 209
6998 1 -365
7000 1 -835
7001 1 275
7003 1 574
7004 1 -261
7005 1 7
7009 1 719
7010 1 -522
7012 1 -77
7013 1 773
7018 1 942
7020 1 -627
7021 1 -488
7022 1 -211
7024 1 548
7027 1 794
7029 1 -78
7031 1 -107
7032 1 742
7034 1 518
7038 1 543
7040 1 -364
7045 1 771
7047 1 24
7049 1 860
7052 1 -345
7053 1 205
7055 1 -308
7056 1 716
7057 1 -440
7058 1 -32
7059 1 -501
7060 1 323
7061 1 678
7063 1 -902
7065 1 153
7066 1 544
7067 1 576
7068 1 -749
7073 1 688
7075 1 -1000
7076 1 -98
7078 1 187
7079 1 -636
7081 1 -115
7082 1 704
7084 1 337
7086 1 -643
7090 1 -995
7093 1 174
7095 1 -276
7097 1 683
7098 1 303
7106 1 -100
7111 1 -768
7113 1 -927
7124 1 -151
7125 1 123
7131 1 -362
7134 1 -250
7140 1 -297
7141 1 958
7142 1 20
7144 1 -32
7146 1 -577
7147 1 -920
7157 1 -9
7159 1 784
7160 1 487
7162 1 206
7164 1 -371
7165 1 65
7166 1 723
7167 1 594
7170 1 -411
7171 1 865
7172 1 598
7179 1 -142
7184 1 -673
7185 1 -264
7186 1 488
7187 1 357
7191 1 -824
7196 1 634
7197 1 716
7198 1 498
7200 1 -635
7205 1 791
7206 1 -320
7207 1 -673
7208 1 -387
7210 1 -838
7211 1 131
7212 1 3
7215 1 212
7219 1 991
7220 1 957
7221 1 -764
7222 1 -765
7227 1 -150
7228 1 -698
7229 1 846
7234 1 568
7237 1 -719
7238 1 883
7239 1 700
7240 1 580
7243 1 892
7244 1 284
7245 1 833
7246 1 -585
7248 1 -882
7250 1 -602
7253 1 506
7255 1 775
7259 1 508
7260 1 -59
7261 1 602
7262 1 714
7263 1 -387
7265 1 893
7266 1 812
7267 1 -614
7269 1 32
7270 1 920
7271 1 530
7273 1 -970
7275 1 -48
7276 1 -571
7277 1 -630
7279 1 194
7281 1 -467
7283 1 255
7285 1 -893
7290 1 -283
7294 1 -887
7295 1 -938
7299 1 710
7300 1 899
7301 1 115
7303 1 508
7307 1 543
7308 1 587
7309 1 149
7310 1 339
7311 1 -244
7315 1 -365
7316 1 145
7317 1 -498
7319 1 -891
7320 1 555
7324 1 695
7330 1 -283
7331 1 291
7336 1 375
7337 1 -532
7339 1 -553
7341 1 289
7342 1 -551
7343 1 977
7344 1 -410
7348 1 -291
7349 1 -821
7351 1 298
7353 1 498
7357 1 353
7359 1 758
7360 1 842
7362 1 946
7363 1 428
7365 1 -196
7366 1 -936
7367 1 831
7371 1 -347
7374 1 -622
7379 1 -353
7380 1 921
7381 1 554
7382 1 -600
7383 1 -739
7386 1 -645
7389 1 -746
7390 1 -14
7391 1 173
7392 1 -98
7396 1 -398
7397 1 141
7398 1 172
7400 1 -914
7401 1 220
7402 1 702
7404 1 143
7409 1 -931
7410 1 -644
7412 1 -735
7414 1 327
7415 1 -696
7416 1 -581
7417 1 -887
7418 1 -702
7420 1 352
7423 1 -320
7427 1 -425
7429 1 801
7430 1 338
7432 1 95
7434 1 -809
7435 1 352
7436 1 262
7438 1 -587
7439 1 -109
7440 1 -387
7443 1 -58
7446 1 -40
7448 1 84
7449 1 243
7451 1 -734
7454 1 -6
7458 1 -725
7460 1 -81
7463 1 -599
7464 1 -432
7465 1 -864
7466 1 912
7467 1 633
7468 1 -159
7471 1 512
7474 1 -738
7475 1 957
7476 1 -606
7477 1 631
7478 1 672
7479 1 535
7480 1 -884
7481 1 -854
7482 1 -28
7483 1 -12
7484 1 256
7487 1 182
7491 1 646
7493 1 959
7494 1 970
7496 1 600
7498 1 -114
7499 1 -126
7500 1 -336
7506 1 -273
7509 1 -708
7510 1 163
7512 1 500
7513 1 -56
7520 1 575
7521 1 -295
7522 1 -743
7523 1 502
7524 1 798
7526 1 740
7528 1 -230
7530 1 46
7533 1 407
7534 1 212
7536 1 421
7537 1 -620
7538 1 -60
7541 1 556
7542 1 -354
7544 1 980
7546 1 457
7549 1 427
7550 1 845
7551 1 77
7552 1 196
7554 1 883
7555 1 694
7558 1 -897
7559 1 673
7562 1 751
7563 1 356
7564 1 -362
7567 1 -49
7571 1 227
7572 1 -522
7575 1 -968
7576 1 499
7578 1 -589
7582 1 354
7583 1 396
7588 1 -232
7590 1 -857
7591 1 -880
7592 1 -488
7594 1 -215
7597 1 -723
7600 1 -38
7602 1 633
7604 1 933
7608 1 723
7609 1 -984
7612 1 451
7614 1 29
7615 1 118
7616 1 -810
7617 1 104
7619 1 -165
7624 1 382
7625 1 930
7626 1 314
7627 1 799
7628 1 473
7631 1 -470
7633 1 466
7635 1 28
7636 1 -37
7637 1 701
7639 1 -36
7640 1 724
7643 1 227
7646 1 -112
7653 1 59
7656 1 -553
7657 1 779
7658 1 891
7660 1 -425
7664 1 201
7671 1 -612
7672 1 331
7673 1 -799
7675 1 430
7676 1 101
7678 1 482
7684 1 413
7686 1 -997
7687 1 -398
7688 1 -264
7689 1 -870
7690 1 -164
7691 1 155
7693 1 472
7694 1 -476
7695 1 -629
7697 1 888
7698 1 555
7700 1 333
7704 1 -278
7705 1 -954
7709 1 -216
7710 1 748
7714 1 789
7715 1 -144
7717 1 -588
7718 1 -367
7720 1 -511
7721 1 660
7722 1 -546
7726 1 -196
7727 1 -350
7729 1 273
7730 1 -430
7731 1 -71
7732 1 332
7736 1 613
7738 1 -770
7744 1 125
7747 1 467
7751 1 -193
7753 1 553
7754 1 648
7755 1 203
7757 1 274
7758 1 -599
7760 1 995
7763 1 -20
7764 1 615
7765 1 261
7766 1 836
7767 1 -974
7768 1 623
7769 1 -253
7771 1 -483
7772 1 -914
7774 1 -185
7778 1 981
7783 1 -56
7785 1 307
7791 1 933
7792 1 466
7795 1 657
7796 1 350
7797 1 -262
7800 1 -217
7802 1 368
7804 1 960
7806 1 -619
7808 1 688
7811 1 71
7813 1 -921
7815 1 -405
7817 1 382
7819 1 365
7821 1 -217
7822 1 192
7823 1 -131
7824 1 -828
7826 1 -732
7829 1 150
7832 1 -53
7833 1 898
7834 1 -920
7841 1 -650
7843 1 -323
7845 1 -809
7846 1 -999
7847 1 731
7848 1 235
7849 1 646
7850 1 -902
7851 1 -659
7853 1 710
7855 1 514
7856 1 -783
7857 1 -450
7859 1 -644
7861 1 443
7862 1 -386
7863 1 162
7865 1 -331
7866 1 598
7867 1 824
7869 1 -1
7870 1 -851
7875 1 820
7876 1 -331
7879 1 -244
7880 1 132
7881 1 735
7882 1 113
7884 1 171
7885 1 611
7886 1 676
7887 1 -757
7888 1 -140
7889 1 299
7890 1 -83
7891 1 -49
7892 1 -376
7893 1 -146
7894 1 -704
7895 1 513
7897 1 -704
7898 1 -394
7899 1 -965
7906 1 337
7908 1 -826
7909 1 -878
7911 1 -844
7912 1 404
7913 1 751
7915 1 -375
7918 1 5
7919 1 -287
7921 1 -802
7923 1 553
7927 1 32
7928 1 -987
7931 1 928
7932 1 710
7933 1 819
7937 1 57
7938 1 -873
7941 1 -195
7945 1 -613
7946 1 75
7949 1 -689
7951 1 747
7952 1 -125
7956 1 22
7957 1 -197
7960 1 -537
7961 1 -725
7962 1 -877
7964 1 128
7965 1 -858
7968 1 930
7972 1 643
7973 1 -338
7977 1 -933
7979 1 -541
7980 1 826
7984 1 -728
7985 1 -778
7986 1 -12
7987 1 901
7989 1 -602
7992 1 -784
7994 1 708
7998 1 -692
8001 1 159
8003 1 400
8005 1 -717
8006 1 -802
8007 1 -961
8010 1 683
8012 1 -839
8013 1 912
8016 1 553
8017 1 524
8020 1 -387
8023 1 219
8025 1 953
8026 1 -599
8027 1 730
8029 1 -832
8031 1 112
8033 1 749
8036 1 -840
8037 1 -14
8038 1 269
8039 1 901
8041 1 -524
8043 1 373
8044 1 -234
8045 1 655
8047 1 -563
8048 1 -356
8050 1 -250
8051 1 -409
8053 1 808
8058 1 582
8059 1 -513
8061 1 -27
8062 1 716
8067 1 -298
8069 1 207
8070 1 -505
8071 1 -974
8072 1 325
8073 1 735
8074 1 -590
8076 1 -37
8077 1 -841
8079 1 -405
8080 1 274
8081 1 223
8082 1 -642
8086 1 -554
8087 1 -183
8089 1 -763
8090 1 510
8091 1 911
8092 1 867
8094 1 -12
8095 1 -842
8097 1 528
8099 1 -407
8101 1 38
8105 1 414
8109 1 -891
8110 1 -217
8114 1 39
8116 1 279
8120 1 460
8121 1 -538
8124 1 -614
8125 1 853
8129 1 -25
8131 1 690
8135 1 -408
8137 1 891
8138 1 -147
8139 1 777
8140 1 711
8145 1 580
8146 1 -491
8150 1 -600
8151 1 257
8153 1 -391
8155 1 -259
8156 1 -424
8157 1 872
8162 1 -187
8164 1 949
8166 1 -379
8167 1 -124
8171 1 548
8173 1 -867
8174 1 106
8176 1 -980
8177 1 420
8178 1 155
8181 1 729
8182 1 495
8183 1 707
8187 1 339
8189 1 323
8190 1 -561
8193 1 -168
8194 1 -776
8196 1 649
8198 1 -446
8199 1 -122
8203 1 -412
8206 1 -876
8208 1 -660
8209 1 -642
8210 1 515
8213 1 -942
8214 1 223
8217 1 9
8220 1 -363
8222 1 970
8223 1 454
8224 1 -500
8226 1 -774
8227 1 662
8230 1 -988
8232 1 -748
8233 1 471
8241 1 249
8243 1 -672
8244 1 876
8245 1 447
8246 1 -29
8247 1 132
8251 1 456
8253 1 -555
8256 1 -425
8258 1 -975
8259 1 -336
8260 1 -477
8261 1 -63
8262 1 -689
8263 1 -392
8265 1 -340
8266 1 638
8267 1 634
8270 1 466
8271 1 -490
8272 1 485
8273 1 696
8274 1 -53
8275 1 -541
8277 1 -521
8281 1 -523
8282 1 -888
8283 1 753
8285 1 -354
8286 1 490
8287 1 -509
8290 1 253
8292 1 98
8293 1 189
8294 1 -646
8295 1 -173
8298 1 419
8299 1 -909
8305 1 -140
8312 1 186
8313 1 505
8314 1 -18
8315 1 879
8317 1 -44
8318 1 552
8319 1 -435
8320 1 258
8321 1 186
8322 1 -381
8325 1 204
8327 1 -706
8330 1 485
8338 1 366
8340 1 -950
8341 1 -366
8342 1 203
8343 1 -665
8344 1 640
8347 1 -797
8348 1 125
8349 1 -50
8350 1 -477
8351 1 973
8353 1 -372
8356 1 -386
8359 1 80
8361 1 628
8367 1 560
8368 1 186
8370 1 957
8373 1 -673
8375 1 941
8379 1 524
8381 1 987
8383 1 879
8385 1 -510
8387 1 827
8388 1 774
8391 1 -905
8396 1 -830
8397 1 305
8400 1 -171
8404 1 896
8406 1 660
8411 1 746
8413 1 871
8416 1 -5
8417 1 145
8419 1 -388
8421 1 762
8424 1 -441
8425 1 126
8427 1 120
8428 1 -866
8429 1 646
8431 1 517
8434 1 -741
8435 1 545
8437 1 -277
8439 1 745
8440 1 893
8441 1 -120
8442 1 -796
8444 1 296
8445 1 842
8446 1 -324
8449 1 -851
8451 1 -970
8457 1 -78
8461 1 -100
8465 1 -952
8466 1 -307
8467 1 -586
8470 1 63
8473 1 726
8474 1 223
8475 1 -621
8476 1 -894
8478 1 -479
8479 1 520
8480 1 220
8481 1 -551
8484 1 -290
8485 1 862
8487 1 726
8488 1 -770
8492 1 -485
8493 1 717
8498 1 202
8499 1 -534
8500 1 -523
8503 1 451
8504 1 -140
8505 1 839
8506 1 -10
8510 1 -870
8511 1 957
8513 1 -525
8514 1 394
8516 1 840
8517 1 325
8518 1 -442
8520 1 65
8521 1 -625
8522 1 -358
8523 1 396
8526 1 -382
8527 1 -190
8533 1 255
8534 1 -57
8535 1 -630
8536 1 -477
8537 1 980
8539 1 882
8541 1 812
8542 1 924
8543 1 294
8544 1 -694
8545 1 -551
8546 1 960
8547 1 933
8548 1 -786
8551 1 -327
8554 1 686
8558 1 492
8559 1 -80
8560 1 -556
8562 1 -336
8565 1 -596
8566 1 956
8568 1 -429
8570 1 456
8575 1 130
8576 1 -350
8579 1 798
8582 1 -560
8586 1 422
8587 1 876
8588 1 -706
8589 1 -364
8590 1 -138
8591 1 495
8592 1 915
8594 1 334
8596 1 -245
8598 1 -788
8602 1 -317
8603 1 -404
8605 1 -111
8607 1 665
8609 1 -462
8613 1 -869
8615 1 648
8616 1 -597
8617 1 840
8618 1 -911
8619 1 907
8621 1 846
8622 1 926
8625 1 448
8629 1 897
8630 1 -265
8631 1 66
8632 1 -600
8633 1 731
8635 1 121
8638 1 -235
8639 1 428
8641 1 -502
8644 1 537
8645 1 953
8646 1 662
8647 1 -831
8656 1 -980
8657 1 -141
8659 1 -591
8662 1 -318
8663 1 -186
8664 1 -69
8665 1 -322
8670 1 841
8672 1 175
8673 1 340
8674 1 282
8675 1 175
8676 1 -837
8677 1 777
8679 1 -123
8680 1 -671
8684 1 -757
8686 1 -645
8692 1 -358
8693 1 -238
8694 1 -612
8700 1 -551
8701 1 351
8703 1 -343
8706 1 -928
8707 1 -542
8708 1 999
8711 1 -837
8712 1 989
8714 1 -519
8716 1 634
8717 1 204
8719 1 -729
8722 1 862
8723 1 897
8726 1 624
8727 1 123
8729 1 133
8733 1 -697
8734 1 -931
8735 1 488
8742 1 957
8745 1 457
8747 1 -300
8748 1 -693
8749 1 -322
8751 1 275
8752 1 -123
8753 1 -219
8754 1 692
8755 1 21
8759 1 -13
8760 1 -890
8763 1 825
8764 1 -44
8765 1 319
8766 1 396
8767 1 -778
8768 1 364
8769 1 551
8770 1 133
8774 1 -978
8775 1 -506
8776 1 323
8781 1 641
8782 1 735
8783 1 -94
8788 1 932
8793 1 -878
8795 1 410
8798 1 -373
8799 1 -258
8802 1 381
8805 1 845
8809 1 768
8810 1 370
8811 1 -835
8815 1 -696
8816 1 -598
8818 1 -975
8819 1 451
8820 1 -149
8822 1 -399
8823 1 780
8824 1 -259
8825 1 -298
8826 1 -574
8827 1 -975
8831 1 890
8832 1 -684
8833 1 553
8834 1 626
8836 1 -2
8840 1 867
8841 1 657
8844 1 357
8846 1 973
8849 1 -837
8853 1 -935
8854 1 -511
8855 1 -439
8857 1 -574
8858 1 -975
8863 1 -52
8864 1 -249
8866 1 -255
8867 1 108
8869 1 -281
8871 1 -515
8875 1 -739
8878 1 507
8880 1 -628
8882 1 -514
8883 1 44
8885 1 -878
8886 1 -336
8887 1 481
8888 1 -490
8893 1 294
8897 1 82
8900 1 -753
8903 1 -111
8904 1 -732
8905 1 -581
8908 1 -307
8909 1 -215
8910 1 -684
8911 1 394
8912 1 272
8914 1 -882
8915 1 494
8916 1 -92
8919 1 32
8925 1 669
8926 1 -181
8927 1 512
8929 1 382
8930 1 -221
8931 1 321
8937 1 928
8943 1 -264
8947 1 -590
8948 1 263
8950 1 -604
8951 1 -481
8952 1 183
8953 1 -667
8954 1 -345
8955 1 -703
8956 1 -742
8957 1 92
8958 1 618
8960 1 459
8961 1 -78
8962 1 -376
8963 1 -139
8964 1 121
8967 1 167
8969 1 -770
8970 1 -515
8973 1 824
8975 1 633
8977 1 559
8978 1 33
8979 1 -497
8980 1 -120
8987 1 858
8994 1 -553
8995 1 -158
8997 1 -831
8998 1 639
9000 1 658
9001 1 -259
9004 1 138
9005 1 805
9011 1 243
9015 1 -732
9017 1 -276
9018 1 259
9021 1 219
9022 1 -426
9023 1 -855
9025 1 508
9028 1 497
9029 1 -583
9032 1 -260
9034 1 -325
9037 1 -557
9038 1 -861
9040 1 -344
9041 1 -988
9042 1 845
9044 1 556
9045 1 632
9046 1 415
9047 1 -688
9049 1 829
9050 1 632
9051 1 76
9052 1 -560
9053 1 260
9054 1 -681
9056 1 -130
9057 1 374
9058 1 -587
9059 1 700
9061 1 578
9062 1 723
9063 1 -852
9064 1 806
9069 1 -684
9070 1 67
9071 1 514
9073 1 -874
9074 1 721
9075 1 -426
9076 1 998
9077 1 449
9080 1 -33
9081 1 687
9083 1 105
9084 1 92
9086 1 -883
9088 1 424
9090 1 -249
9092 1 -890
9099 1 -937
9101 1 439
9104 1 -164
9113 1 -446
9114 1 -699
9116 1 628
9118 1 -118
9121 1 402
9122 1 928
9123 1 -673
9125 1 -28
9126 1 -2
9132 1 -668
9134 1 -35
9135 1 -348
9137 1 -202
9140 1 -804
9141 1 350
9142 1 164
9144 1 -382
9145 1 297
9148 1 646
9149 1 307
9152 1 -626
9153 1 725
9154 1 985
9158 1 -371
9159 1 848
9160 1 -33
9161 1 -56
9163 1 197
9167 1 26
9169 1 -380
9171 1 738
9172 1 -60
9176 1 -610
9178 1 -622
9179 1 -828
9184 1 630
9187 1 984
9188 1 860
9190 1 -610
9192 1 969
9193 1 -700
9196 1 83
9204 1 -143
9206 1 654
9208 1 19
9210 1 -343
9211 1 645
9214 1 -580
9219 1 -210
9220 1 -294
9221 1 -110
9229 1 -569
9232 1 -814
9233 1 765
9235 1 -538
9239 1 73
9240 1 -427
9241 1 474
9246 1 818
9248 1 -661
9249 1 -115
9251 1 389
9257 1 657
9259 1 44
9260 1 696
9261 1 -602
9262 1 490
9264 1 -867
9265 1 -330
9267 1 -796
9269 1 989
9271 1 -252
9272 1 124
9274 1 911
9275 1 141
9276 1 674
9277 1 -996
9278 1 451
9280 1 -895
9281 1 896
9283 1 720
9284 1 -940
9286 1 256
9288 1 -569
9289 1 190
9292 1 499
9293 1 -587
9294 1 -738
9295 1 -889
9296 1 625
9297 1 -961
9298 1 -445
9299 1 405
9300 1 998
9302 1 728
9303 1 -177
9306 1 691
9308 1 385
9313 1 358
9315 1 674
9317 1 999
9318 1 578
9319 1 544
9322 1 389
9324 1 318
9325 1 -532
9327 1 823
9328 1 -174
9331 1 586
9335 1 780
9337 1 -384
9338 1 -37
9340 1 653
9341 1 419
9344 1 -127
9345 1 -641
9347 1 -232
9351 1 717
9353 1 -455
9355 1 527
9356 1 157
9358 1 -447
9360 1 689
9362 1 725
9364 1 -915
9365 1 -566
9366 1 -428
9367 1 825
9368 1 371
9370 1 -578
9374 1 -539
9377 1 72
9378 1 -36
9379 1 335
9388 1 470
9389 1 261
9390 1 -894
9391 1 285
9392 1 -905
9393 1 331
9394 1 490
9396 1 939
9399 1 17
9400 1 -427
9401 1 201
9403 1 981
9405 1 59
9407 1 -545
9408 1 -491
9411 1 418
9413 1 -872
9415 1 -152
9416 1 -584
9418 1 760
9420 1 778
9421 1 -377
9422 1 244
9423 1 633
9425 1 -45
9427 1 -996
9428 1 -506
9432 1 428
9434 1 581
9438 1 126
9439 1 901
9440 1 151
9441 1 886
9444 1 -297
9445 1 -558
9446 1 -902
9449 1 178
9452 1 -564
9457 1 -626
9458 1 388
9459 1 97
9460 1 996
9462 1 807
9464 1 262
9467 1 477
9473 1 531
9478 1 -205
9479 1 993
9482 1 775
9484 1 135
9485 1 739
9486 1 -510
9488 1 55
9491 1 74
9500 1 -57
9501 1 817
9503 1 -946
9504 1 888
9507 1 -241
9508 1 27
9509 1 -98
9513 1 423
9516 1 467
9519 1 471
9520 1 -125
9521 1 96
9523 1 154
9525 1 346
9527 1 302
9528 1 845
9533 1 576
9534 1 228
9536 1 -736
9537 1 815
9539 1 -933
9540 1 -252
9541 1 -378
9542 1 -674
9544 1 -648
9547 1 499
9548 1 -228
9549 1 976
9558 1 395
9561 1 536
9563 1 584
9564 1 521
9566 1 -816
9568 1 91
9573 1 235
9574 1 929
9575 1 -591
9576 1 -628
9577 1 704
9582 1 -510
9583 1 -744
9585 1 -240
9587 1 -389
9588 1 -625
9589 1 638
9594 1 -290
9596 1 986
9597 1 629
9599 1 300
9603 1 675
9604 1 -376
9605 1 -545
9606 1 -528
9607 1 754
9609 1 -62
9610 1 334
9615 1 -352
9617 1 970
9618 1 -779
9619 1 988
9621 1 404
9622 1 880
9625 1 -262
9626 1 -670
9627 1 -951
9631 1 -781
9632 1 -669
9637 1 783
9639 1 105
9641 1 -486
9644 1 285
9645 1 242
9647 1 -677
9650 1 556
9651 1 37
9652 1 339
9653 1 675
9655 1 101
9660 1 967
9664 1 -239
9665 1 -383
9667 1 863
9668 1 950
9669 1 898
9671 1 -619
9673 1 656
9674 1 972
9676 1 -72
9677 1 -302
9682 1 155
9683 1 -679
9685 1 127
9687 1 -324
9688 1 647
9689 1 560
9690 1 483
9691 1 -25
9694 1 801
9696 1 -6
9698 1 -754
9699 1 -956
9701 1 -929
9702 1 963
9703 1 441
9704 1 290
9705 1 -101
9706 1 -422
9708 1 -408
9709 1 -763
9710 1 -657
9713 1 -520
9715 1 53
9716 1 582
9719 1 217
9720 1 288
9722 1 32
9723 1 -424
9724 1 -966
9725 1 648
9726 1 442
9728 1 -788
9729 1 414
9730 1 -932
9732 1 258
9733 1 -501
9736 1 362
9737 1 -328
9739 1 -997
9740 1 200
9746 1 -802
9750 1 951
9752 1 571
9756 1 -46
9759 1 -352
9760 1 -883
9762 1 100
9765 1 795
9772 1 742
9775 1 817
9776 1 -349
9778 1 -252
9781 1 -648
9782 1 -444
9783 1 207
9784 1 593
9788 1 -257
9791 1 19
9792 1 -849
9793 1 303
9794 1 -132
9795 1 -90
9796 1 -582
9800 1 616
9801 1 -613
9809 1 -529
9810 1 518
9811 1 -641
9814 1 268
9815 1 2
9820 1 -664
9822 1 -711
9825 1 396
9827 1 -655
9828 1 -243
9829 1 298
9832 1 -662
9834 1 661
9835 1 -3
9836 1 449
9839 1 -701
9840 1 -697
9842 1 -947
9843 1 148
9847 1 -349
9850 1 -193
9851 1 586
9856 1 541
9857 1 847
9858 1 -982
9859 1 369
9861 1 57
9863 1 -886
9864 1 -711
9865 1 -799
9866 1 -673
9868 1 -638
9870 1 88
9876 1 -218
9877 1 -763
9881 1 -672
9883 1 -742
9884 1 879
9885 1 -277
9886 1 306
9887 1 197
9889 1 903
9890 1 -22
9894 1 866
9895 1 77
9897 1 -633
9898 1 -538
9899 1 707
9901 1 510
9903 1 964
9904 1 -155
9905 1 -84
9907 1 -434
9908 1 112
9909 1 804
9911 1 457
9915 1 512
9916 1 363
9918 1 -115
9919 1 795
9920 1 500
9921 1 -986
9922 1 865
9924 1 879
9925 1 29
9926 1 -475
9928 1 -584
9931 1 38
9933 1 613
9934 1 552
9935 1 -243
9937 1 982
9941 1 289
9942 1 -135
9945 1 193
9946 1 -324
9947 1 -508
9950 1 351
9952 1 -823
9953 1 -803
9958 1 -823
9960 1 -200
9962 1 -704
9965 1 -446
9969 1 741
9971 1 -40
9973 1 106
9976 1 -635
9981 1 530
9986 1 50
9989 1 488
9991 1 583
9994 1 -978
9995 1 -455
9998 1 966
9999 1 864
10000 1 986
