1 10000 4968
1 2 -165
1 5 -264
1 6 -791
1 9 322
1 10 502
1 11 36
1 12 522
1 13 987
1 15 793
1 16 303
1 19 -582
1 23 626
1 29 -901
1 31 -56
1 33 494
1 41 133
1 42 637
1 43 375
1 44 6
1 45 -254
1 47 96
1 48 -660
1 53 604
1 54 -34
1 55 -934
1 56 -742
1 57 259
1 58 -689
1 64 -352
1 65 784
1 72 367
1 73 -458
1 74 560
1 75 -49
1 76 941
1 77 -653
1 83 460
1 84 -504
1 85 -539
1 86 756
1 91 858
1 92 813
1 95 664
1 96 -175
1 99 -33
1 100 685
1 101 855
1 102 515
1 104 -93
1 105 -692
1 107 -432
1 109 324
1 111 923
1 114 -951
1 115 370
1 117 883
1 119 -182
1 120 244
1 121 -434
1 122 777
1 123 300
1 124 -305
1 125 669
1 127 927
1 128 208
1 134 -989
1 136 844
1 138 -512
1 139 -992
1 140 651
1 141 518
1 142 835
1 143 335
1 148 -955
1 150 -213
1 151 -193
1 152 -557
1 153 -300
1 155 888
1 157 297
1 159 651
1 160 992
1 161 917
1 162 -180
1 164 447
1 165 -706
1 166 251
1 167 254
1 171 -308
1 172 512
1 173 -940
1 174 816
1 175 -350
1 177 -39
1 181 -566
1 182 860
1 183 -36
1 186 -486
1 187 -755
1 191 173
1 192 -14
1 193 780
1 197 -136
1 198 40
1 200 137
1 202 118
1 203 -742
1 204 -966
1 206 -405
1 208 911
1 210 -357
1 214 -444
1 219 267
1 220 609
1 221 -855
1 224 121
1 226 902
1 227 883
1 231 -334
1 233 400
1 235 -953
1 236 -695
1 240 -255
1 241 -558
1 242 62
1 243 910
1 244 60
1 245 -789
1 247 -498
1 248 -97
1 249 592
1 251 -569
1 252 -173
1 257 967
1 258 189
1 261 -925
1 262 220
1 266 -196
1 267 335
1 269 895
1 277 818
1 280 626
1 281 -838
1 282 -462
1 285 862
1 286 -756
1 287 899
1 288 -625
1 290 812
1 292 264
1 293 -351
1 294 -442
1 296 -383
1 297 -260
1 299 -298
1 302 185
1 303 -594
1 304 795
1 305 -651
1 306 806
1 308 -296
1 312 -499
1 317 -198
1 319 1
1 321 -91
1 322 -591
1 325 -858
1 326 949
1 328 76
1 332 -679
1 335 824
1 336 -813
1 338 -708
1 340 -631
1 342 -974
1 343 -339
1 345 -643
1 350 -6
1 351 -112
1 352 66
1 355 -145
1 356 544
1 367 277
1 370 828
1 372 567
1 375 -948
1 376 477
1 377 645
1 379 -391
1 380 -371
1 382 -174
1 384 704
1 385 -289
1 389 -622
1 391 579
1 392 910
1 395 85
1 402 44
1 404 -974
1 405 788
1 407 172
1 408 39
1 409 -643
1 413 24
1 415 372
1 421 930
1 426 22
1 432 -703
1 435 -225
1 436 -333
1 437 -146
1 439 319
1 440 388
1 442 -245
1 443 -214
1 444 -854
1 445 -534
1 446 -770
1 447 -834
1 449 -360
1 450 91
1 452 464
1 453 493
1 455 533
1 458 167
1 460 809
1 462 -301
1 464 -943
1 465 -610
1 467 513
1 470 -472
1 472 960
1 474 -248
1 476 -22
1 478 -720
1 479 968
1 480 783
1 481 -175
1 484 596
1 485 66
1 486 462
1 487 -290
1 488 427
1 489 -59
1 493 -911
1 494 35
1 495 -478
1 497 484
1 500 38
1 505 301
1 506 -430
1 507 -165
1 508 350
1 509 -878
1 512 -492
1 513 -278
1 515 -747
1 516 98
1 517 604
1 518 -850
1 520 -152
1 521 -709
1 522 104
1 524 156
1 526 23
1 528 205
1 530 -65
1 533 529
1 534 463
1 535 -420
1 536 -239
1 537 287
1 538 481
1 539 -490
1 540 -287
1 541 316
1 543 -85
1 545 392
1 550 -484
1 553 477
1 554 -187
1 556 865
1 558 32
1 559 -40
1 561 -312
1 562 945
1 563 -954
1 564 -751
1 568 845
1 569 -934
1 570 -163
1 574 708
1 575 -459
1 579 644
1 581 369
1 583 -497
1 584 111
1 587 -655
1 590 -532
1 592 454
1 593 732
1 596 -728
1 598 593
1 600 -116
1 605 -937
1 606 697
1 607 656
1 610 523
1 612 -321
1 613 33
1 614 -970
1 617 221
1 620 -860
1 623 545
1 624 -430
1 625 -853
1 627 -382
1 628 -48
1 630 862
1 631 907
1 633 229
1 634 205
1 636 755
1 637 567
1 638 -256
1 641 244
1 642 346
1 647 -70
1 648 109
1 649 -637
1 650 994
1 652 342
1 654 39
1 655 -567
1 656 173
1 657 -604
1 658 900
1 660 57
1 663 -282
1 664 246
1 672 345
1 677 922
1 678 820
1 681 -176
1 685 400
1 687 743
1 689 340
1 693 189
1 695 613
1 696 626
1 698 825
1 699 720
1 703 974
1 705 -503
1 709 322
1 715 829
1 717 596
1 721 724
1 722 344
1 723 -27
1 728 -558
1 729 -121
1 732 140
1 737 -721
1 739 504
1 742 339
1 744 -84
1 745 -697
1 747 -51
1 749 -314
1 752 -343
1 754 783
1 763 -859
1 766 549
1 767 -225
1 772 197
1 773 -537
1 774 62
1 775 -804
1 777 828
1 778 -980
1 779 9
1 780 -577
1 781 -432
1 786 -753
1 787 -541
1 789 -103
1 791 -184
1 792 429
1 793 257
1 794 -761
1 795 -653
1 796 128
1 799 876
1 800 603
1 801 -243
1 802 634
1 803 -342
1 805 529
1 806 669
1 810 -360
1 811 -461
1 818 -230
1 819 627
1 820 -922
1 822 715
1 823 980
1 826 540
1 828 -61
1 830 821
1 831 -228
1 832 964
1 833 960
1 834 -830
1 836 778
1 838 860
1 840 313
1 841 -762
1 842 -638
1 843 -145
1 845 -666
1 847 -632
1 853 560
1 855 -361
1 857 -378
1 860 -832
1 862 -868
1 863 271
1 864 -532
1 865 -368
1 868 -596
1 869 -81
1 870 742
1 873 -426
1 874 806
1 876 331
1 877 -82
1 880 -125
1 881 424
1 882 -79
1 884 965
1 887 958
1 889 -381
1 892 -145
1 895 -721
1 898 -803
1 903 904
1 904 -961
1 905 61
1 908 166
1 909 -565
1 910 -751
1 911 -383
1 913 -365
1 915 144
1 916 26
1 917 413
1 919 374
1 922 -65
1 924 -346
1 925 370
1 929 -52
1 932 -558
1 933 -7
1 935 700
1 936 244
1 937 -369
1 940 -511
1 941 -993
1 942 803
1 943 275
1 945 -85
1 947 -358
1 949 -224
1 950 -14
1 951 170
1 952 403
1 953 -504
1 960 -205
1 961 -886
1 962 -38
1 966 -892
1 969 4
1 971 -785
1 976 567
1 979 -699
1 980 -367
1 981 -995
1 982 -304
1 985 54
1 986 924
1 987 -829
1 989 -573
1 991 -763
1 993 629
1 994 368
1 995 740
1 997 819
1 1004 -428
1 1005 -325
1 1007 -850
1 1008 876
1 1010 756
1 1015 -319
1 1018 552
1 1021 -256
1 1023 -768
1 1026 666
1 1027 -238
1 1030 347
1 1031 -921
1 1033 -762
1 1037 -559
1 1039 550
1 1042 128
1 1044 7
1 1046 -548
1 1051 -654
1 1052 -216
1 1054 976
1 1055 -564
1 1057 773
1 1058 -886
1 1061 -431
1 1062 -336
1 1063 -319
1 1064 -360
1 1068 635
1 1069 858
1 1071 -336
1 1072 172
1 1074 125
1 1077 489
1 1080 -138
1 1082 622
1 1085 -108
1 1089 715
1 1094 953
1 1095 -989
1 1098 335
1 1099 698
1 1101 151
1 1102 -514
1 1103 -463
1 1105 856
1 1106 -737
1 1109 -282
1 1115 350
1 1116 980
1 1117 -486
1 1118 546
1 1121 -367
1 1123 -920
1 1125 -391
1 1128 333
1 1129 441
1 1130 -291
1 1131 52
1 1144 -941
1 1145 336
1 1147 -643
1 1149 283
1 1151 -566
1 1152 -504
1 1154 755
1 1155 989
1 1158 790
1 1159 295
1 1161 913
1 1167 -650
1 1168 -495
1 1175 547
1 1176 -517
1 1177 -531
1 1178 -724
1 1179 625
1 1180 -621
1 1181 428
1 1184 218
1 1187 932
1 1188 921
1 1190 -987
1 1191 997
1 1194 -650
1 1197 665
1 1199 -10
1 1201 924
1 1204 -723
1 1205 -92
1 1206 -917
1 1209 -332
1 1211 -459
1 1213 21
1 1214 50
1 1215 784
1 1216 -488
1 1218 -505
1 1220 603
1 1222 -613
1 1223 709
1 1224 162
1 1225 -815
1 1226 -837
1 1227 353
1 1228 -794
1 1229 140
1 1230 933
1 1234 -773
1 1239 443
1 1240 -2
1 1247 -5
1 1250 669
1 1251 -558
1 1252 284
1 1253 -751
1 1254 -604
1 1256 -452
1 1257 -470
1 1260 -917
1 1261 -999
1 1262 674
1 1263 540
1 1265 552
1 1266 -79
1 1268 9
1 1269 390
1 1272 948
1 1274 -686
1 1275 885
1 1278 -127
1 1282 501
1 1284 -324
1 1285 945
1 1286 927
1 1290 787
1 1291 -906
1 1293 -384
1 1297 16
1 1298 -455
1 1299 -776
1 1303 -390
1 1304 -326
1 1306 4
1 1311 -60
1 1312 318
1 1313 -159
1 1315 425
1 1316 973
1 1318 3
1 1321 817
1 1323 970
1 1327 62
1 1328 432
1 1330 530
1 1332 -70
1 1336 440
1 1337 193
1 1338 772
1 1339 -314
1 1340 664
1 1341 372
1 1342 -713
1 1343 931
1 1347 -603
1 1348 498
1 1352 -91
1 1353 -246
1 1355 -761
1 1356 -447
1 1358 -69
1 1359 564
1 1361 766
1 1364 -317
1 1366 -13
1 1368 -317
1 1369 -893
1 1373 -573
1 1376 141
1 1377 849
1 1378 -146
1 1380 364
1 1385 -145
1 1389 -604
1 1392 -780
1 1396 -634
1 1397 265
1 1398 -581
1 1400 -562
1 1404 896
1 1407 86
1 1408 -877
1 1410 -583
1 1413 317
1 1414 542
1 1415 711
1 1416 -77
1 1419 -783
1 1422 -188
1 1423 668
1 1424 -663
1 1425 19
1 1427 357
1 1428 32
1 1429 -280
1 1430 -686
1 1432 -522
1 1435 139
1 1438 -835
1 1440 162
1 1441 -537
1 1442 -259
1 1444 -78
1 1445 -299
1 1447 -322
1 1449 343
1 1452 605
1 1453 421
1 1454 306
1 1455 -924
1 1456 768
1 1458 -586
1 1463 -615
1 1464 22
1 1465 -680
1 1466 -181
1 1468 240
1 1469 940
1 1470 794
1 1471 137
1 1472 489
1 1475 6
1 1478 814
1 1479 383
1 1480 400
1 1481 -270
1 1486 355
1 1487 -286
1 1489 -50
1 1490 -166
1 1491 782
1 1492 207
1 1495 16
1 1498 967
1 1500 616
1 1504 -128
1 1505 7
1 1507 262
1 1511 192
1 1512 502
1 1513 -970
1 1516 -96
1 1518 -659
1 1520 189
1 1523 107
1 1525 -160
1 1526 -841
1 1528 -15
1 1529 -926
1 1534 -703
1 1538 -854
1 1539 238
1 1542 -772
1 1546 -586
1 1547 -657
1 1548 175
1 1549 -855
1 1550 56
1 1552 -572
1 1553 -93
1 1554 3
1 1557 -809
1 1558 -42
1 1564 -673
1 1566 980
1 1568 331
1 1569 -843
1 1570 -44
1 1573 920
1 1575 632
1 1583 918
1 1584 -329
1 1585 877
1 1586 864
1 1587 680
1 1590 -304
1 1591 957
1 1594 871
1 1595 -469
1 1599 -249
1 1600 355
1 1601 -521
1 1602 -289
1 1603 96
1 1606 615
1 1608 223
1 1609 24
1 1612 -43
1 1616 12
1 1617 537
1 1620 -526
1 1621 506
1 1624 237
1 1626 679
1 1628 969
1 1629 864
1 1630 -196
1 1631 -928
1 1633 -875
1 1635 698
1 1637 -489
1 1639 108
1 1641 536
1 1642 -744
1 1645 90
1 1648 885
1 1650 -184
1 1652 924
1 1653 -677
1 1654 -619
1 1656 -569
1 1664 -882
1 1669 163
1 1673 -293
1 1678 -481
1 1680 884
1 1685 982
1 1686 968
1 1688 33
1 1691 -805
1 1694 226
1 1695 372
1 1697 223
1 1700 28
1 1702 -214
1 1703 -853
1 1705 -215
1 1706 250
1 1708 -106
1 1709 372
1 1710 -38
1 1711 786
1 1713 95
1 1714 414
1 1716 -532
1 1717 897
1 1721 742
1 1729 23
1 1730 -830
1 1732 -945
1 1734 613
1 1735 250
1 1737 -91
1 1740 -577
1 1742 -563
1 1743 334
1 1746 -385
1 1748 163
1 1749 941
1 1751 -700
1 1752 814
1 1753 -577
1 1754 43
1 1759 986
1 1760 -830
1 1763 704
1 1764 -152
1 1765 877
1 1769 645
1 1770 -512
1 1771 951
1 1772 -317
1 1773 994
1 1775 634
1 1779 -113
1 1780 928
1 1782 16
1 1786 808
1 1787 -900
1 1788 661
1 1790 393
1 1791 -45
1 1793 171
1 1797 167
1 1798 -88
1 1799 104
1 1801 461
1 1807 -182
1 1808 -704
1 1811 178
1 1812 266
1 1813 356
1 1817 744
1 1819 -362
1 1821 700
1 1822 973
1 1823 485
1 1826 757
1 1828 202
1 1831 198
1 1832 -710
1 1834 -943
1 1835 825
1 1836 -113
1 1837 -310
1 1838 876
1 1840 -549
1 1841 -742
1 1842 -629
1 1843 858
1 1844 -559
1 1848 -17
1 1850 447
1 1851 688
1 1852 -548
1 1853 705
1 1854 -250
1 1855 561
1 1856 -159
1 1857 -214
1 1859 443
1 1861 -823
1 1862 -46
1 1863 455
1 1864 -15
1 1867 352
1 1873 722
1 1880 892
1 1881 755
1 1883 -757
1 1885 909
1 1887 754
1 1889 678
1 1890 -937
1 1891 -972
1 1892 469
1 1894 326
1 1895 -337
1 1896 -596
1 1897 847
1 1898 843
1 1899 -345
1 1901 340
1 1902 890
1 1903 65
1 1904 562
1 1905 -50
1 1906 -506
1 1908 -520
1 1909 405
1 1912 -534
1 1914 -282
1 1915 -479
1 1919 -632
1 1921 -662
1 1922 972
1 1923 112
1 1924 -448
1 1925 116
1 1928 -240
1 1929 -532
1 1931 895
1 1932 -139
1 1933 -150
1 1935 -94
1 1939 -662
1 1940 -238
1 1941 -910
1 1945 407
1 1946 -267
1 1947 -558
1 1953 -482
1 1960 366
1 1961 996
1 1964 -714
1 1965 252
1 1966 -755
1 1968 302
1 1969 681
1 1972 -987
1 1973 -745
1 1974 24
1 1977 947
1 1979 323
1 1981 -178
1 1982 -836
1 1986 -45
1 1987 957
1 1989 747
1 1992 -474
1 1993 229
1 1994 537
1 1996 16
1 1997 93
1 1998 -985
1 1999 -63
1 2005 710
1 2006 -850
1 2007 -503
1 2009 -288
1 2010 -243
1 2011 269
1 2012 -986
1 2013 -672
1 2014 753
1 2020 640
1 2021 329
1 2022 -734
1 2025 566
1 2026 -27
1 2027 -349
1 2031 -574
1 2033 27
1 2035 365
1 2039 -781
1 2040 465
1 2041 -427
1 2042 546
1 2043 -626
1 2044 80
1 2046 -124
1 2047 -903
1 2052 459
1 2053 -228
1 2055 175
1 2056 -840
1 2060 -220
1 2061 -485
1 2063 -505
1 2064 200
1 2065 587
1 2069 -158
1 2070 171
1 2071 -298
1 2072 273
1 2073 638
1 2075 959
1 2076 -911
1 2084 287
1 2085 -277
1 2088 -692
1 2089 441
1 2091 -94
1 2093 977
1 2094 706
1 2097 56
1 2099 382
1 2100 953
1 2101 -607
1 2102 608
1 2103 181
1 2106 44
1 2109 411
1 2110 -940
1 2111 -338
1 2116 194
1 2119 478
1 2120 50
1 2121 274
1 2122 353
1 2123 953
1 2128 147
1 2132 -116
1 2133 -696
1 2135 -688
1 2137 364
1 2138 873
1 2141 53
1 2145 -857
1 2152 -7
1 2153 507
1 2155 698
1 2158 479
1 2159 139
1 2162 970
1 2164 675
1 2166 11
1 2170 339
1 2171 -5
1 2172 -872
1 2175 -339
1 2176 -108
1 2178 -730
1 2179 327
1 2180 336
1 2182 -487
1 2183 729
1 2184 -182
1 2185 441
1 2186 -126
1 2188 -594
1 2190 45
1 2192 -653
1 2194 -466
1 2195 -403
1 2199 -819
1 2200 -209
1 2203 -149
1 2204 358
1 2205 529
1 2206 350
1 2207 -505
1 2209 -140
1 2210 -167
1 2212 -775
1 2213 966
1 2214 831
1 2215 -76
1 2217 234
1 2218 967
1 2219 710
1 2220 428
1 2222 -646
1 2223 815
1 2227 -943
1 2229 92
1 2235 221
1 2237 851
1 2242 632
1 2244 -631
1 2246 242
1 2247 894
1 2248 663
1 2251 494
1 2254 -520
1 2255 -296
1 2257 -243
1 2265 103
1 2266 -401
1 2267 69
1 2269 -824
1 2271 -614
1 2275 -568
1 2276 326
1 2277 725
1 2280 -839
1 2283 606
1 2285 695
1 2289 600
1 2291 -788
1 2294 372
1 2297 -953
1 2298 49
1 2302 -446
1 2306 -651
1 2307 -355
1 2311 249
1 2312 361
1 2317 633
1 2319 191
1 2321 287
1 2325 -347
1 2327 -558
1 2329 407
1 2331 545
1 2332 63
1 2334 -592
1 2335 61
1 2336 -300
1 2338 -670
1 2339 -168
1 2340 450
1 2345 -177
1 2352 34
1 2353 -300
1 2354 760
1 2355 -566
1 2356 283
1 2358 131
1 2359 263
1 2362 481
1 2363 950
1 2365 539
1 2372 371
1 2373 -150
1 2378 -603
1 2383 -586
1 2385 287
1 2389 -237
1 2390 -225
1 2395 533
1 2396 371
1 2400 -880
1 2401 807
1 2402 -953
1 2403 -699
1 2404 202
1 2407 -589
1 2408 690
1 2410 272
1 2411 -112
1 2413 130
1 2414 -913
1 2416 -403
1 2418 24
1 2420 216
1 2422 -937
1 2424 -311
1 2430 796
1 2431 -757
1 2432 682
1 2437 599
1 2438 -81
1 2440 287
1 2443 823
1 2444 -685
1 2447 -511
1 2451 67
1 2454 951
1 2455 -144
1 2456 -660
1 2457 395
1 2460 -670
1 2461 94
1 2462 390
1 2464 639
1 2466 -886
1 2469 572
1 2470 -55
1 2471 -748
1 2476 280
1 2478 -669
1 2487 245
1 2489 490
1 2490 73
1 2491 772
1 2496 611
1 2498 -941
1 2501 408
1 2502 528
1 2504 -24
1 2506 -657
1 2507 577
1 2508 -156
1 2512 764
1 2513 76
1 2516 -609
1 2518 22
1 2519 -401
1 2520 -508
1 2522 42
1 2524 926
1 2526 792
1 2527 309
1 2528 -607
1 2529 -778
1 2530 -443
1 2531 -49
1 2534 271
1 2536 450
1 2538 570
1 2539 677
1 2540 -684
1 2542 -40
1 2543 789
1 2544 207
1 2547 778
1 2549 -757
1 2554 -355
1 2557 -923
1 2558 -597
1 2560 -783
1 2561 -651
1 2563 882
1 2564 -747
1 2565 994
1 2566 -996
1 2570 763
1 2573 277
1 2577 -914
1 2579 -425
1 2580 -21
1 2582 -552
1 2585 682
1 2586 -716
1 2587 -836
1 2591 -956
1 2593 315
1 2594 -390
1 2595 965
1 2597 909
1 2598 425
1 2599 -675
1 2600 -258
1 2601 511
1 2602 13
1 2604 -210
1 2607 -396
1 2610 764
1 2612 916
1 2613 13
1 2614 76
1 2616 -320
1 2617 692
1 2619 -701
1 2620 -204
1 2621 822
1 2622 289
1 2623 -276
1 2628 177
1 2629 207
1 2635 -228
1 2639 -804
1 2641 -647
1 2643 594
1 2644 -858
1 2645 183
1 2648 -785
1 2649 -771
1 2652 -444
1 2653 -35
1 2654 -733
1 2658 68
1 2662 777
1 2663 43
1 2665 753
1 2666 -199
1 2667 -19
1 2668 818
1 2669 535
1 2670 -550
1 2671 -314
1 2672 7
1 2676 196
1 2679 229
1 2680 409
1 2681 294
1 2683 24
1 2684 226
1 2686 879
1 2687 691
1 2688 -774
1 2693 -837
1 2699 -113
1 2700 -816
1 2703 832
1 2704 -14
1 2705 -588
1 2707 -442
1 2709 -292
1 2712 12
1 2714 -139
1 2717 -573
1 2718 677
1 2721 943
1 2723 -917
1 2725 387
1 2727 932
1 2730 -307
1 2733 -625
1 2734 -709
1 2736 361
1 2738 -908
1 2739 -793
1 2740 646
1 2742 325
1 2743 178
1 2747 -927
1 2749 -911
1 2750 966
1 2752 -293
1 2753 -260
1 2754 -373
1 2756 -758
1 2758 -266
1 2761 -715
1 2762 62
1 2766 251
1 2769 -763
1 2773 204
1 2774 732
1 2777 269
1 2780 -760
1 2781 -966
1 2784 -211
1 2786 182
1 2788 -299
1 2789 -567
1 2797 648
1 2799 -426
1 2800 778
1 2801 620
1 2803 146
1 2805 294
1 2806 -10
1 2807 -510
1 2808 143
1 2809 135
1 2810 -855
1 2812 799
1 2813 284
1 2817 -417
1 2819 214
1 2820 919
1 2821 -52
1 2822 -253
1 2826 -102
1 2828 675
1 2829 788
1 2830 -962
1 2832 604
1 2834 12
1 2835 -500
1 2837 -390
1 2839 224
1 2841 -61
1 2842 102
1 2843 436
1 2849 -762
1 2851 457
1 2853 459
1 2854 -878
1 2857 844
1 2858 -28
1 2859 -402
1 2860 195
1 2863 -458
1 2865 800
1 2866 6
1 2867 -497
1 2869 941
1 2875 -73
1 2876 -588
1 2881 902
1 2882 -231
1 2883 -361
1 2884 -788
1 2885 -213
1 2890 727
1 2891 52
1 2892 694
1 2893 -919
1 2894 -799
1 2895 -652
1 2899 984
1 2901 -803
1 2906 741
1 2907 -347
1 2909 -151
1 2910 -382
1 2917 908
1 2918 638
1 2920 524
1 2922 103
1 2923 853
1 2924 -322
1 2925 -331
1 2927 993
1 2928 191
1 2930 -289
1 2931 381
1 2932 -919
1 2933 -746
1 2934 -470
1 2937 -449
1 2938 39
1 2939 -205
1 2941 211
1 2943 830
1 2945 -755
1 2946 800
1 2947 126
1 2949 -894
1 2953 -948
1 2954 4
1 2955 -537
1 2958 -498
1 2960 -534
1 2961 651
1 2967 -329
1 2969 413
1 2972 598
1 2973 340
1 2975 -931
1 2977 -945
1 2980 -877
1 2981 639
1 2982 241
1 2984 922
1 2987 487
1 2988 246
1 2989 811
1 2991 698
1 2992 -852
1 2996 -37
1 2997 15
1 2999 562
1 3001 -401
1 3002 593
1 3003 285
1 3004 -806
1 3006 766
1 3008 58
1 3010 -28
1 3011 995
1 3014 168
1 3015 -307
1 3018 -296
1 3020 513
1 3022 -73
1 3023 -902
1 3027 -537
1 3028 -402
1 3029 -818
1 3031 366
1 3035 -559
1 3037 -263
1 3040 55
1 3043 -365
1 3044 -278
1 3045 282
1 3046 228
1 3047 935
1 3048 -614
1 3049 36
1 3050 -478
1 3052 148
1 3060 -974
1 3063 107
1 3064 840
1 3066 -75
1 3067 501
1 3069 -488
1 3071 851
1 3073 -513
1 3076 -665
1 3079 580
1 3080 664
1 3081 677
1 3083 -805
1 3086 -185
1 3089 735
1 3092 460
1 3094 218
1 3095 -287
1 3096 495
1 3099 824
1 3101 -226
1 3106 -574
1 3107 992
1 3108 19
1 3110 163
1 3111 -247
1 3112 466
1 3113 -677
1 3114 -17
1 3117 -459
1 3119 -457
1 3123 658
1 3125 18
1 3126 937
1 3128 996
1 3129 131
1 3135 276
1 3136 250
1 3139 340
1 3140 190
1 3141 284
1 3142 -932
1 3144 420
1 3146 525
1 3148 -576
1 3151 779
1 3152 698
1 3153 561
1 3154 -804
1 3156 -747
1 3158 -372
1 3159 -673
1 3160 509
1 3163 432
1 3165 -785
1 3166 -958
1 3167 573
1 3170 -632
1 3172 890
1 3174 -893
1 3177 894
1 3178 -144
1 3179 989
1 3180 -330
1 3181 -440
1 3183 -103
1 3192 -845
1 3195 -65
1 3198 -948
1 3202 -31
1 3204 -541
1 3209 -913
1 3210 -197
1 3213 -627
1 3217 -622
1 3220 -647
1 3221 455
1 3223 -229
1 3224 642
1 3225 -381
1 3227 28
1 3228 358
1 3231 577
1 3233 -484
1 3235 911
1 3236 -541
1 3237 -364
1 3239 570
1 3244 201
1 3245 -406
1 3246 249
1 3248 66
1 3249 -141
1 3250 471
1 3251 -353
1 3253 513
1 3255 -713
1 3256 331
1 3257 -964
1 3260 -730
1 3263 -82
1 3265 -284
1 3266 426
1 3267 351
1 3268 495
1 3273 -413
1 3277 -876
1 3280 3
1 3284 248
1 3288 -215
1 3290 314
1 3291 -792
1 3295 -431
1 3299 681
1 3301 -457
1 3302 -918
1 3303 471
1 3304 552
1 3307 -762
1 3308 -508
1 3310 87
1 3311 355
1 3318 907
1 3319 -197
1 3323 947
1 3325 672
1 3326 -879
1 3327 -375
1 3328 -68
1 3331 336
1 3332 67
1 3336 -492
1 3337 74
1 3338 -915
1 3340 -59
1 3342 -21
1 3347 -629
1 3349 196
1 3351 589
1 3356 -863
1 3362 -584
1 3364 494
1 3367 -357
1 3368 546
1 3370 -136
1 3374 361
1 3379 706
1 3382 219
1 3387 -874
1 3388 192
1 3393 984
1 3398 608
1 3400 -611
1 3401 -172
1 3405 -860
1 3406 -126
1 3409 203
1 3410 -277
1 3412 -115
1 3413 598
1 3415 -39
1 3416 -131
1 3419 -421
1 3420 -924
1 3422 425
1 3426 -222
1 3429 182
1 3430 -846
1 3431 513
1 3432 703
1 3434 -581
1 3437 343
1 3438 713
1 3439 563
1 3440 -478
1 3442 864
1 3443 151
1 3444 -184
1 3445 -14
1 3446 -318
1 3448 -261
1 3450 -798
1 3456 -639
1 3458 -409
1 3459 60
1 3460 -558
1 3462 534
1 3463 -632
1 3464 830
1 3466 -409
1 3470 983
1 3473 592
1 3479 237
1 3481 882
1 3483 590
1 3487 -447
1 3489 -60
1 3490 -120
1 3492 947
1 3493 -503
1 3494 752
1 3500 -673
1 3501 451
1 3508 -801
1 3509 -673
1 3510 892
1 3511 -780
1 3513 79
1 3514 -816
1 3516 -599
1 3518 256
1 3520 -612
1 3523 403
1 3525 -650
1 3526 396
1 3527 713
1 3529 206
1 3530 138
1 3532 356
1 3533 -941
1 3534 -77
1 3537 363
1 3539 -868
1 3540 -637
1 3542 678
1 3543 292
1 3545 620
1 3546 -449
1 3548 -217
1 3549 -528
1 3550 222
1 3551 -174
1 3554 90
1 3555 664
1 3558 -731
1 3560 667
1 3561 660
1 3563 878
1 3564 -861
1 3565 161
1 3566 -336
1 3569 -632
1 3570 -632
1 3571 741
1 3572 339
1 3573 780
1 3574 722
1 3575 -161
1 3577 838
1 3578 -196
1 3580 518
1 3581 -996
1 3582 216
1 3583 674
1 3584 -819
1 3585 -241
1 3586 -503
1 3587 -374
1 3588 464
1 3589 -882
1 3592 -489
1 3593 551
1 3594 -1
1 3596 119
1 3597 -962
1 3602 374
1 3604 -563
1 3605 278
1 3606 331
1 3609 515
1 3610 -825
1 3611 732
1 3612 -742
1 3614 -89
1 3619 397
1 3620 291
1 3621 -722
1 3622 -757
1 3625 -751
1 3626 -458
1 3627 90
1 3628 -549
1 3629 -283
1 3632 -882
1 3633 972
1 3635 247
1 3636 -9
1 3639 -687
1 3641 -265
1 3642 -885
1 3643 -415
1 3645 -857
1 3646 31
1 3648 -152
1 3650 401
1 3653 851
1 3656 44
1 3658 -397
1 3659 658
1 3660 -535
1 3662 652
1 3663 -315
1 3666 -721
1 3670 -887
1 3671 -866
1 3674 72
1 3677 -769
1 3678 715
1 3682 719
1 3687 90
1 3688 403
1 3689 -443
1 3691 -70
1 3693 340
1 3694 -533
1 3697 -910
1 3699 -107
1 3700 -464
1 3701 129
1 3703 504
1 3704 -919
1 3705 600
1 3709 -816
1 3711 397
1 3712 -731
1 3715 -501
1 3717 123
1 3718 186
1 3719 -838
1 3720 888
1 3721 557
1 3723 97
1 3724 971
1 3725 320
1 3728 373
1 3729 -631
1 3732 396
1 3733 -314
1 3734 -370
1 3738 760
1 3739 -880
1 3741 438
1 3742 234
1 3745 98
1 3748 447
1 3750 827
1 3751 367
1 3752 570
1 3753 -654
1 3754 93
1 3756 417
1 3757 260
1 3758 -989
1 3761 -476
1 3762 -210
1 3763 -963
1 3764 -582
1 3766 931
1 3767 -70
1 3768 -15
1 3771 -711
1 3773 177
1 3774 -312
1 3775 -737
1 3776 -142
1 3778 320
1 3779 -746
1 3780 -192
1 3781 56
1 3788 600
1 3789 925
1 3790 189
1 3791 -421
1 3793 959
1 3794 513
1 3797 673
1 3798 -139
1 3800 555
1 3802 -892
1 3804 762
1 3805 -926
1 3806 253
1 3807 1
1 3808 -30
1 3809 -44
1 3812 584
1 3813 -307
1 3814 -604
1 3816 -912
1 3820 -862
1 3823 672
1 3826 -315
1 3827 763
1 3829 428
1 3830 -256
1 3831 -587
1 3832 403
1 3833 487
1 3834 23
1 3836 3
1 3839 -321
1 3840 939
1 3842 453
1 3846 -664
1 3847 -43
1 3848 -142
1 3850 -709
1 3851 972
1 3852 -204
1 3855 -507
1 3858 -763
1 3861 -571
1 3865 483
1 3867 545
1 3875 129
1 3880 -754
1 3882 526
1 3885 -601
1 3886 15
1 3889 -975
1 3890 -340
1 3891 274
1 3892 224
1 3896 289
1 3899 -789
1 3905 -364
1 3909 939
1 3910 694
1 3913 953
1 3914 874
1 3916 -432
1 3920 -287
1 3921 870
1 3926 -837
1 3927 195
1 3931 936
1 3932 -240
1 3933 -946
1 3934 -564
1 3935 -421
1 3936 -23
1 3937 471
1 3939 -922
1 3940 698
1 3941 974
1 3942 7
1 3944 -718
1 3947 -324
1 3948 -102
1 3949 94
1 3950 -678
1 3952 -158
1 3953 -668
1 3961 291
1 3962 446
1 3963 -798
1 3965 -262
1 3969 351
1 3971 271
1 3974 -448
1 3977 665
1 3979 786
1 3980 -847
1 3981 199
1 3983 -181
1 3984 -822
1 3985 658
1 3989 606
1 3993 488
1 3994 702
1 3999 -912
1 4002 362
1 4004 475
1 4007 -519
1 4008 -515
1 4010 -130
1 4011 138
1 4012 904
1 4013 591
1 4017 -501
1 4018 988
1 4019 171
1 4023 -672
1 4025 -612
1 4027 -806
1 4028 268
1 4033 -906
1 4034 661
1 4036 250
1 4037 546
1 4039 268
1 4040 838
1 4041 -431
1 4043 -520
1 4044 -142
1 4048 181
1 4050 -550
1 4052 -647
1 4053 -677
1 4054 141
1 4055 -400
1 4057 875
1 4058 968
1 4060 -980
1 4062 -272
1 4063 -148
1 4064 -725
1 4066 -755
1 4068 -881
1 4069 525
1 4070 117
1 4072 -818
1 4073 683
1 4074 -649
1 4077 -733
1 4089 999
1 4093 735
1 4094 920
1 4095 607
1 4096 486
1 4097 -265
1 4098 -843
1 4099 -367
1 4105 -521
1 4106 -334
1 4110 875
1 4111 -206
1 4112 287
1 4118 523
1 4120 568
1 4122 -638
1 4123 -61
1 4124 -423
1 4125 -723
1 4130 -198
1 4131 117
1 4140 191
1 4142 185
1 4149 221
1 4151 745
1 4154 -750
1 4155 -559
1 4156 251
1 4157 -537
1 4160 766
1 4164 506
1 4166 375
1 4168 587
1 4170 450
1 4171 -401
1 4172 -862
1 4179 293
1 4182 930
1 4184 256
1 4186 463
1 4188 -915
1 4191 453
1 4193 -202
1 4194 -227
1 4195 110
1 4196 407
1 4197 -261
1 4200 -590
1 4201 -373
1 4202 -326
1 4203 763
1 4212 -478
1 4213 -594
1 4215 702
1 4218 -280
1 4219 -569
1 4220 463
1 4224 -932
1 4225 -819
1 4228 -288
1 4230 864
1 4231 697
1 4232 425
1 4237 619
1 4239 248
1 4240 178
1 4242 531
1 4243 -797
1 4245 214
1 4250 923
1 4251 577
1 4253 -129
1 4255 714
1 4256 468
1 4257 740
1 4258 776
1 4260 -995
1 4262 882
1 4264 950
1 4266 194
1 4267 79
1 4268 -651
1 4275 -427
1 4277 -475
1 4278 -454
1 4279 -2
1 4280 621
1 4287 143
1 4289 33
1 4299 752
1 4300 -157
1 4304 235
1 4307 938
1 4310 331
1 4311 -296
1 4315 897
1 4316 843
1 4317 625
1 4320 -670
1 4321 -175
1 4322 781
1 4323 188
1 4324 675
1 4326 788
1 4328 964
1 4330 820
1 4332 72
1 4333 -581
1 4335 -523
1 4336 -756
1 4337 -152
1 4338 925
1 4342 767
1 4347 -287
1 4348 -618
1 4350 -874
1 4352 -727
1 4353 184
1 4355 771
1 4357 -882
1 4359 -94
1 4363 -874
1 4364 575
1 4367 -537
1 4369 -714
1 4370 322
1 4372 346
1 4374 -446
1 4377 -75
1 4380 390
1 4387 -304
1 4389 756
1 4391 28
1 4393 -880
1 4395 -199
1 4396 912
1 4397 526
1 4398 317
1 4399 320
1 4400 826
1 4403 31
1 4404 -544
1 4405 153
1 4407 958
1 4409 602
1 4410 286
1 4413 867
1 4415 966
1 4416 862
1 4418 66
1 4421 453
1 4425 212
1 4430 796
1 4435 -428
1 4436 838
1 4438 109
1 4439 293
1 4443 -416
1 4445 295
1 4448 419
1 4452 -935
1 4453 -674
1 4454 119
1 4456 703
1 4457 -864
1 4459 130
1 4463 671
1 4464 958
1 4466 30
1 4468 -146
1 4469 -155
1 4470 -586
1 4471 581
1 4473 394
1 4476 -184
1 4477 -283
1 4479 881
1 4480 851
1 4481 -998
1 4482 -907
1 4485 -146
1 4487 619
1 4488 153
1 4489 105
1 4491 -13
1 4492 292
1 4493 256
1 4494 -283
1 4497 162
1 4501 348
1 4503 13
1 4504 -637
1 4506 -553
1 4510 802
1 4511 -521
1 4513 469
1 4517 364
1 4518 998
1 4519 -757
1 4520 275
1 4521 -694
1 4522 108
1 4525 -985
1 4533 260
1 4536 532
1 4539 -147
1 4540 -556
1 4541 -559
1 4542 -714
1 4545 135
1 4546 38
1 4550 770
1 4552 737
1 4554 -289
1 4560 813
1 4561 -602
1 4562 120
1 4563 -99
1 4565 101
1 4566 923
1 4567 -21
1 4569 -602
1 4571 -425
1 4572 -748
1 4574 -472
1 4575 -539
1 4576 657
1 4577 508
1 4583 24
1 4585 315
1 4590 -76
1 4597 -870
1 4601 -339
1 4602 -120
1 4605 914
1 4606 844
1 4608 675
1 4611 -882
1 4616 156
1 4617 892
1 4620 -415
1 4623 -36
1 4627 -567
1 4630 -867
1 4632 638
1 4634 532
1 4636 -599
1 4637 74
1 4638 -787
1 4639 562
1 4642 -787
1 4644 188
1 4646 623
1 4647 122
1 4648 -635
1 4649 222
1 4654 707
1 4655 -171
1 4659 201
1 4660 -505
1 4661 173
1 4670 -1
1 4672 970
1 4673 66
1 4674 972
1 4677 -300
1 4682 440
1 4684 145
1 4685 510
1 4687 747
1 4688 -935
1 4689 -901
1 4691 -541
1 4694 465
1 4695 -578
1 4696 -568
1 4697 -609
1 4698 -379
1 4699 -375
1 4701 160
1 4705 -449
1 4707 -818
1 4712 46
1 4715 -929
1 4716 -157
1 4718 -502
1 4719 -346
1 4720 129
1 4721 -966
1 4726 -44
1 4728 -924
1 4729 414
1 4730 164
1 4731 -101
1 4738 -984
1 4740 -930
1 4745 -510
1 4746 -441
1 4747 427
1 4750 -158
1 4751 482
1 4752 -710
1 4753 986
1 4757 305
1 4758 -904
1 4760 -621
1 4761 -467
1 4762 848
1 4763 403
1 4764 -373
1 4765 970
1 4771 -988
1 4773 166
1 4774 -842
1 4775 -662
1 4778 -741
1 4779 619
1 4780 631
1 4781 673
1 4783 -200
1 4785 -127
1 4787 -939
1 4789 138
1 4791 576
1 4792 -691
1 4794 -454
1 4796 635
1 4799 -471
1 4800 -134
1 4802 995
1 4805 431
1 4810 -851
1 4811 553
1 4812 436
1 4813 39
1 4815 -282
1 4817 -420
1 4821 121
1 4824 -775
1 4825 353
1 4827 -742
1 4829 969
1 4830 145
1 4833 -222
1 4836 -482
1 4838 -581
1 4839 788
1 4841 -333
1 4842 453
1 4844 -93
1 4845 843
1 4846 999
1 4847 -682
1 4848 702
1 4852 -913
1 4855 961
1 4856 968
1 4859 -562
1 4861 -876
1 4862 633
1 4865 634
1 4867 18
1 4868 659
1 4872 398
1 4873 -501
1 4876 5
1 4879 -732
1 4881 -418
1 4882 708
1 4885 901
1 4888 -950
1 4890 522
1 4891 -456
1 4892 -293
1 4894 618
1 4897 294
1 4900 -405
1 4901 299
1 4903 -367
1 4905 480
1 4908 -130
1 4910 -354
1 4911 -685
1 4913 -387
1 4914 -11
1 4916 -753
1 4918 -415
1 4921 -226
1 4923 156
1 4929 978
1 4932 647
1 4934 -589
1 4935 -464
1 4936 985
1 4939 -26
1 4943 351
1 4945 544
1 4946 467
1 4950 -718
1 4952 -105
1 4955 -430
1 4956 502
1 4958 348
1 4959 -256
1 4961 32
1 4962 303
1 4967 862
1 4968 62
1 4969 206
1 4970 -790
1 4972 986
1 4973 877
1 4974 -206
1 4980 -881
1 4984 -181
1 4985 -658
1 4987 -632
1 4988 828
1 4991 378
1 4993 841
1 4999 686
1 5001 306
1 5006 -642
1 5007 232
1 5011 -644
1 5012 52
1 5014 16
1 5017 330
1 5019 -447
1 5021 28
1 5023 624
1 5024 -504
1 5025 485
1 5027 -955
1 5033 880
1 5037 -550
1 5039 358
1 5043 -102
1 5047 -619
1 5050 982
1 5051 -495
1 5055 732
1 5056 -902
1 5058 -25
1 5061 -785
1 5062 310
1 5064 643
1 5065 857
1 5067 -278
1 5070 -100
1 5071 394
1 5072 -319
1 5073 -688
1 5076 53
1 5078 -815
1 5083 -862
1 5084 455
1 5085 -293
1 5090 -3
1 5092 -107
1 5093 -935
1 5094 -223
1 5095 -472
1 5099 572
1 5103 593
1 5106 631
1 5109 281
1 5112 -735
1 5113 -100
1 5117 -353
1 5119 476
1 5120 764
1 5121 -224
1 5125 338
1 5128 346
1 5131 -833
1 5133 -296
1 5136 784
1 5137 861
1 5139 225
1 5144 747
1 5145 -185
1 5146 -344
1 5149 -35
1 5154 -131
1 5155 923
1 5157 311
1 5159 710
1 5163 -964
1 5164 -41
1 5168 976
1 5171 782
1 5172 326
1 5173 781
1 5175 -358
1 5178 -676
1 5183 129
1 5185 -57
1 5187 641
1 5188 572
1 5189 64
1 5190 -119
1 5191 -662
1 5192 826
1 5194 291
1 5195 -896
1 5196 -519
1 5198 -770
1 5201 -532
1 5205 396
1 5206 514
1 5207 147
1 5210 -591
1 5213 -139
1 5214 -48
1 5215 163
1 5217 146
1 5218 826
1 5220 -67
1 5225 -421
1 5226 876
1 5228 -922
1 5230 122
1 5231 -272
1 5232 500
1 5234 -229
1 5235 -870
1 5237 734
1 5238 -314
1 5239 -470
1 5240 983
1 5241 829
1 5242 -739
1 5243 438
1 5244 -720
1 5245 910
1 5246 373
1 5248 -935
1 5249 190
1 5250 -949
1 5251 -139
1 5252 873
1 5255 -616
1 5257 615
1 5260 967
1 5263 831
1 5264 -204
1 5266 822
1 5268 648
1 5271 -301
1 5273 176
1 5276 449
1 5277 -793
1 5278 165
1 5279 478
1 5282 832
1 5284 -753
1 5285 20
1 5287 131
1 5288 -168
1 5291 -653
1 5292 -300
1 5294 -264
1 5295 149
1 5301 964
1 5302 514
1 5305 291
1 5307 -998
1 5310 -834
1 5312 290
1 5313 -896
1 5314 429
1 5315 296
1 5316 -486
1 5317 -859
1 5318 -537
1 5320 -490
1 5324 -818
1 5325 69
1 5327 -265
1 5329 -663
1 5333 -601
1 5337 524
1 5338 -662
1 5340 116
1 5342 580
1 5344 -692
1 5345 -544
1 5346 -680
1 5349 -626
1 5350 -3
1 5351 974
1 5352 -421
1 5360 647
1 5361 946
1 5362 317
1 5363 -862
1 5365 127
1 5366 257
1 5367 -887
1 5368 804
1 5370 858
1 5372 471
1 5373 -239
1 5374 651
1 5375 -849
1 5379 -431
1 5381 172
1 5382 448
1 5383 -83
1 5384 32
1 5387 -614
1 5388 781
1 5389 -471
1 5390 628
1 5392 456
1 5393 95
1 5394 -449
1 5397 -18
1 5398 -225
1 5399 -742
1 5400 529
1 5402 -531
1 5403 438
1 5404 940
1 5410 485
1 5412 -25
1 5413 -873
1 5414 465
1 5415 -741
1 5416 552
1 5417 -496
1 5421 -404
1 5422 -803
1 5423 517
1 5424 -468
1 5425 291
1 5426 41
1 5427 -320
1 5429 -832
1 5430 -291
1 5434 -127
1 5438 812
1 5439 -434
1 5442 422
1 5443 615
1 5445 386
1 5446 436
1 5449 910
1 5450 768
1 5453 -334
1 5454 -846
1 5456 473
1 5459 -791
1 5460 -708
1 5461 82
1 5462 -463
1 5463 97
1 5467 935
1 5468 -528
1 5470 -347
1 5474 -151
1 5478 31
1 5480 -997
1 5481 -759
1 5482 -124
1 5487 827
1 5489 198
1 5490 -402
1 5491 -161
1 5492 20
1 5499 396
1 5500 282
1 5501 -116
1 5503 513
1 5504 648
1 5508 507
1 5510 418
1 5511 -305
1 5512 -30
1 5513 583
1 5515 -812
1 5516 454
1 5519 507
1 5522 579
1 5523 -189
1 5525 872
1 5526 -316
1 5527 -758
1 5528 -852
1 5529 -902
1 5534 299
1 5538 916
1 5539 -217
1 5540 -804
1 5541 -388
1 5545 844
1 5546 795
1 5547 786
1 5548 7
1 5549 753
1 5550 -763
1 5552 -629
1 5554 768
1 5556 630
1 5559 706
1 5560 638
1 5562 -586
1 5564 -119
1 5565 51
1 5566 -150
1 5567 914
1 5569 334
1 5572 446
1 5574 -706
1 5575 786
1 5577 -803
1 5579 -623
1 5583 910
1 5585 891
1 5590 932
1 5591 -322
1 5592 -579
1 5594 -842
1 5595 691
1 5596 418
1 5597 610
1 5600 -754
1 5601 -262
1 5605 -839
1 5608 -828
1 5609 -610
1 5611 641
1 5617 839
1 5618 -148
1 5622 -872
1 5627 -843
1 5628 -809
1 5630 517
1 5631 635
1 5635 389
1 5636 442
1 5638 -6
1 5639 -757
1 5640 -9
1 5642 858
1 5643 869
1 5644 147
1 5646 -439
1 5647 -786
1 5648 -809
1 5650 813
1 5651 -891
1 5652 921
1 5653 115
1 5655 -665
1 5656 -324
1 5657 88
1 5659 -287
1 5662 -431
1 5664 377
1 5669 117
1 5670 -902
1 5671 708
1 5675 990
1 5677 578
1 5680 -749
1 5682 123
1 5683 24
1 5684 -328
1 5685 897
1 5686 -868
1 5688 -986
1 5689 -113
1 5690 217
1 5691 606
1 5693 75
1 5694 -619
1 5695 615
1 5696 171
1 5698 -180
1 5699 -760
1 5700 -973
1 5701 -709
1 5705 99
1 5706 663
1 5707 -284
1 5708 686
1 5709 -624
1 5711 463
1 5712 366
1 5713 427
1 5714 -547
1 5715 -839
1 5718 821
1 5724 -115
1 5725 683
1 5727 -379
1 5731 940
1 5732 -677
1 5733 -394
1 5735 799
1 5736 984
1 5739 -444
1 5741 -104
1 5747 968
1 5749 -970
1 5752 -311
1 5754 446
1 5755 -779
1 5756 571
1 5759 -122
1 5760 -606
1 5762 971
1 5765 866
1 5766 512
1 5767 -49
1 5772 -141
1 5775 -391
1 5776 -253
1 5777 -575
1 5778 -501
1 5779 678
1 5780 -10
1 5781 173
1 5782 -207
1 5784 -571
1 5787 116
1 5789 940
1 5790 127
1 5791 -142
1 5793 679
1 5794 -36
1 5795 387
1 5796 427
1 5797 586
1 5798 -415
1 5800 -90
1 5801 -110
1 5804 489
1 5805 968
1 5806 672
1 5809 -600
1 5810 960
1 5811 -353
1 5814 129
1 5816 -502
1 5817 79
1 5818 58
1 5821 192
1 5822 877
1 5824 815
1 5825 833
1 5828 -241
1 5829 -300
1 5831 -528
1 5832 93
1 5833 -479
1 5834 -345
1 5835 169
1 5836 -399
1 5837 942
1 5842 99
1 5843 962
1 5846 313
1 5847 -379
1 5851 -48
1 5852 -137
1 5853 280
1 5857 -624
1 5858 -150
1 5859 -896
1 5860 -102
1 5866 276
1 5867 -450
1 5868 351
1 5869 -170
1 5874 558
1 5875 507
1 5877 360
1 5878 635
1 5879 -737
1 5881 97
1 5885 -933
1 5887 -440
1 5889 -367
1 5890 333
1 5891 829
1 5893 -642
1 5894 439
1 5895 -56
1 5896 633
1 5899 -103
1 5902 923
1 5903 995
1 5906 -572
1 5907 933
1 5908 993
1 5911 80
1 5913 -766
1 5914 -21
1 5917 -31
1 5919 936
1 5920 -343
1 5921 -771
1 5924 740
1 5927 -614
1 5928 -505
1 5930 -574
1 5933 -874
1 5934 110
1 5935 -669
1 5940 211
1 5943 -446
1 5944 517
1 5947 -437
1 5948 244
1 5950 398
1 5951 -990
1 5954 446
1 5957 391
1 5961 271
1 5962 -443
1 5963 -688
1 5965 -74
1 5967 604
1 5968 -248
1 5969 934
1 5970 132
1 5971 85
1 5972 115
1 5975 -948
1 5977 785
1 5978 -241
1 5979 768
1 5985 610
1 5986 870
1 5987 238
1 5989 109
1 5991 363
1 5992 -634
1 5993 -730
1 5995 -474
1 5996 -659
1 5997 904
1 5998 437
1 5999 787
1 6000 671
1 6001 298
1 6003 -584
1 6004 -450
1 6006 -31
1 6007 -704
1 6009 831
1 6010 -56
1 6011 -301
1 6013 562
1 6017 923
1 6018 446
1 6019 -730
1 6024 -785
1 6025 430
1 6029 614
1 6036 -826
1 6039 770
1 6040 -343
1 6041 -151
1 6042 914
1 6043 280
1 6045 -35
1 6046 836
1 6047 -502
1 6049 300
1 6050 770
1 6051 526
1 6056 366
1 6058 -163
1 6059 -440
1 6060 -318
1 6062 533
1 6063 -798
1 6065 -861
1 6066 -603
1 6069 31
1 6070 175
1 6071 366
1 6075 19
1 6076 549
1 6078 -534
1 6079 172
1 6082 394
1 6084 -511
1 6085 -835
1 6090 386
1 6093 855
1 6094 -331
1 6095 747
1 6100 783
1 6107 -610
1 6110 -454
1 6111 449
1 6113 261
1 6114 -526
1 6115 741
1 6116 -874
1 6122 323
1 6124 988
1 6125 631
1 6126 228
1 6128 -716
1 6130 -421
1 6132 -336
1 6133 -682
1 6136 656
1 6137 648
1 6141 -910
1 6144 -914
1 6149 -882
1 6151 -266
1 6153 -240
1 6160 272
1 6161 -801
1 6162 101
1 6163 618
1 6164 -117
1 6167 -959
1 6168 108
1 6169 633
1 6171 421
1 6172 -693
1 6174 196
1 6175 335
1 6176 538
1 6177 366
1 6179 -753
1 6182 898
1 6183 -888
1 6184 22
1 6185 -776
1 6187 786
1 6189 -839
1 6190 -8
1 6192 -821
1 6195 105
1 6198 -702
1 6200 -180
1 6201 331
1 6204 -768
1 6206 -458
1 6208 -523
1 6210 746
1 6211 -509
1 6215 -253
1 6216 -130
1 6218 943
1 6221 -996
1 6224 -911
1 6229 701
1 6234 892
1 6236 -471
1 6237 357
1 6238 346
1 6239 -625
1 6240 252
1 6241 -217
1 6242 -724
1 6245 -562
1 6246 254
1 6249 759
1 6251 305
1 6253 173
1 6258 712
1 6260 141
1 6261 -462
1 6262 -319
1 6264 -413
1 6268 903
1 6271 480
1 6272 -277
1 6273 243
1 6274 617
1 6277 932
1 6278 681
1 6279 781
1 6280 429
1 6284 545
1 6285 -550
1 6289 -759
1 6293 -477
1 6294 408
1 6296 -3
1 6300 247
1 6302 -658
1 6303 -730
1 6305 -464
1 6312 464
1 6315 -3
1 6318 -980
1 6319 -895
1 6321 167
1 6322 579
1 6324 748
1 6327 623
1 6328 850
1 6330 -723
1 6333 -896
1 6335 -615
1 6340 -961
1 6341 -96
1 6344 994
1 6351 -935
1 6352 58
1 6355 -463
1 6357 -499
1 6361 -847
1 6371 727
1 6372 -159
1 6373 599
1 6374 -841
1 6375 844
1 6376 -235
1 6378 462
1 6379 924
1 6380 -600
1 6393 -735
1 6394 -493
1 6395 -525
1 6399 484
1 6400 -885
1 6408 -103
1 6410 221
1 6412 522
1 6417 -494
1 6421 -49
1 6423 -488
1 6426 -854
1 6427 511
1 6428 -310
1 6429 -704
1 6432 928
1 6433 -494
1 6434 -496
1 6435 10
1 6437 723
1 6438 90
1 6440 919
1 6441 218
1 6442 469
1 6443 9
1 6445 368
1 6447 857
1 6450 -847
1 6451 991
1 6452 -451
1 6454 -253
1 6455 -918
1 6457 776
1 6458 -606
1 6459 789
1 6460 -462
1 6464 448
1 6465 -826
1 6467 -533
1 6468 -201
1 6478 -398
1 6482 156
1 6484 -459
1 6485 183
1 6486 -576
1 6487 -782
1 6488 -56
1 6490 991
1 6491 -899
1 6492 -949
1 6493 -399
1 6494 379
1 6497 -602
1 6499 16
1 6500 -547
1 6501 794
1 6503 105
1 6507 392
1 6509 597
1 6511 -217
1 6515 -809
1 6519 -154
1 6520 758
1 6525 -1
1 6526 -546
1 6528 -739
1 6530 532
1 6532 -171
1 6533 87
1 6534 -563
1 6535 -814
1 6536 678
1 6537 961
1 6538 746
1 6539 739
1 6540 -746
1 6541 435
1 6542 -699
1 6543 478
1 6546 -725
1 6547 889
1 6548 793
1 6550 -331
1 6551 -819
1 6553 -698
1 6557 171
1 6558 -666
1 6561 312
1 6563 503
1 6566 193
1 6567 993
1 6568 -26
1 6570 -168
1 6571 754
1 6572 -324
1 6577 379
1 6581 454
1 6582 73
1 6584 -918
1 6585 -913
1 6586 379
1 6591 -570
1 6592 -292
1 6593 -358
1 6594 393
1 6595 803
1 6596 -333
1 6600 -657
1 6602 192
1 6603 -407
1 6604 -573
1 6606 -660
1 6607 -153
1 6610 -423
1 6611 398
1 6612 -278
1 6613 482
1 6615 -873
1 6616 -782
1 6617 -480
1 6618 -564
1 6620 805
1 6621 -86
1 6622 738
1 6624 -405
1 6627 328
1 6630 -209
1 6636 566
1 6637 994
1 6639 -899
1 6640 993
1 6642 296
1 6643 20
1 6645 141
1 6650 -948
1 6651 -357
1 6653 876
1 6656 339
1 6658 -402
1 6660 988
1 6661 179
1 6663 -17
1 6665 -938
1 6666 272
1 6667 667
1 6668 -885
1 6669 -470
1 6670 -836
1 6673 -407
1 6674 382
1 6676 -707
1 6677 -69
1 6678 -792
1 6681 -986
1 6686 458
1 6687 717
1 6695 -268
1 6696 -805
1 6699 -809
1 6703 -876
1 6708 -895
1 6709 488
1 6711 333
1 6712 411
1 6713 -931
1 6718 -785
1 6721 -163
1 6722 722
1 6723 -803
1 6725 -853
1 6727 611
1 6729 -646
1 6730 -725
1 6731 -533
1 6734 -301
1 6739 125
1 6740 258
1 6743 352
1 6744 587
1 6749 -964
1 6753 540
1 6754 -466
1 6755 -993
1 6756 840
1 6763 -663
1 6764 887
1 6767 -743
1 6768 659
1 6770 407
1 6772 -150
1 6776 -978
1 6779 -820
1 6780 209
1 6781 -604
1 6786 -178
1 6787 -322
1 6788 -759
1 6789 155
1 6791 -651
1 6794 -658
1 6796 695
1 6797 218
1 6799 645
1 6803 874
1 6806 905
1 6807 -803
1 6810 16
1 6813 -664
1 6814 477
1 6815 -790
1 6818 936
1 6819 -278
1 6820 -574
1 6822 629
1 6824 425
1 6827 -271
1 6828 270
1 6829 -30
1 6831 -716
1 6832 915
1 6835 708
1 6836 568
1 6837 31
1 6838 -140
1 6840 -608
1 6841 -265
1 6844 849
1 6850 640
1 6862 -855
1 6863 -594
1 6864 359
1 6867 -107
1 6869 -843
1 6872 -233
1 6873 330
1 6874 -433
1 6878 -535
1 6879 742
1 6880 -131
1 6882 -879
1 6884 27
1 6887 560
1 6891 -330
1 6896 -452
1 6897 -831
1 6899 16
1 6901 -70
1 6903 -991
1 6904 694
1 6905 22
1 6906 -864
1 6909 74
1 6913 136
1 6914 -227
1 6917 680
1 6918 277
1 6920 536
1 6921 -767
1 6922 -364
1 6925 -390
1 6927 -941
1 6932 70
1 6933 271
1 6936 -427
1 6938 -39
1 6939 293
1 6943 -138
1 6947 151
1 6948 -937
1 6951 992
1 6953 -148
1 6954 269
1 6959 100
1 6960 -639
1 6962 -48
1 6964 -478
1 6965 -799
1 6966 667
1 6967 -959
1 6968 -217
1 6969 -794
1 6971 26
1 6972 917
1 6977 520
1 6982 -278
1 6983 201
1 6986 -150
1 6987 341
1 6988 -508
1 6991 893
1 6992 -780
1 6993 -854
1 6994 560
1 6995 332
1 6999 -801
1 7002 807
1 7003 -677
1 7004 762
1 7006 791
1 7007 -619
1 7009 -264
1 7010 -976
1 7013 565
1 7014 -640
1 7016 -33
1 7018 -895
1 7020 -658
1 7021 729
1 7025 347
1 7029 906
1 7031 357
1 7035 -847
1 7039 -813
1 7042 46
1 7043 297
1 7044 -435
1 7048 -966
1 7050 442
1 7055 455
1 7056 -343
1 7058 986
1 7059 297
1 7060 -189
1 7061 194
1 7062 843
1 7069 514
1 7070 278
1 7071 413
1 7072 215
1 7083 -164
1 7085 -651
1 7086 5
1 7087 -837
1 7088 760
1 7089 -282
1 7091 140
1 7094 -380
1 7095 -71
1 7098 -787
1 7100 302
1 7101 -410
1 7102 -590
1 7103 -110
1 7104 416
1 7108 800
1 7109 -947
1 7110 -8
1 7112 901
1 7114 415
1 7117 275
1 7118 -814
1 7123 849
1 7126 988
1 7128 294
1 7131 137
1 7134 -770
1 7135 29
1 7138 500
1 7139 -147
1 7140 598
1 7144 -493
1 7146 376
1 7147 273
1 7150 -24
1 7152 -273
1 7155 -998
1 7156 562
1 7160 -375
1 7161 453
1 7166 -979
1 7167 -146
1 7168 -508
1 7169 279
1 7170 629
1 7171 134
1 7176 -173
1 7177 543
1 7179 -738
1 7180 445
1 7181 771
1 7186 959
1 7190 -969
1 7191 -903
1 7193 -972
1 7194 977
1 7195 -326
1 7197 -137
1 7199 -329
1 7200 120
1 7201 411
1 7203 -518
1 7204 -605
1 7207 401
1 7208 260
1 7213 -525
1 7215 983
1 7217 -679
1 7219 447
1 7220 -544
1 7222 -79
1 7225 -908
1 7226 -786
1 7227 70
1 7228 -419
1 7230 641
1 7231 566
1 7233 904
1 7235 -910
1 7236 -209
1 7237 100
1 7238 -233
1 7239 962
1 7241 774
1 7242 -651
1 7244 9
1 7245 -121
1 7247 -169
1 7251 972
1 7252 -782
1 7254 888
1 7259 304
1 7260 -716
1 7264 843
1 7268 504
1 7269 -341
1 7270 -793
1 7273 720
1 7275 -933
1 7276 156
1 7277 -516
1 7279 -412
1 7280 53
1 7281 -653
1 7282 629
1 7285 878
1 7286 705
1 7287 791
1 7288 -51
1 7290 910
1 7291 -317
1 7295 -285
1 7297 221
1 7298 -141
1 7299 -19
1 7300 -936
1 7301 -319
1 7302 976
1 7303 855
1 7306 636
1 7307 -742
1 7309 403
1 7312 -560
1 7314 761
1 7315 -666
1 7319 -453
1 7321 443
1 7322 860
1 7326 -451
1 7328 633
1 7329 -613
1 7330 950
1 7331 661
1 7335 530
1 7336 -878
1 7339 -47
1 7340 -405
1 7341 -771
1 7344 198
1 7350 -503
1 7351 -359
1 7353 -203
1 7355 286
1 7356 561
1 7358 -460
1 7359 -289
1 7363 281
1 7364 420
1 7366 94
1 7367 -354
1 7371 613
1 7373 555
1 7376 -401
1 7377 -2
1 7381 567
1 7383 853
1 7384 -294
1 7385 -586
1 7386 731
1 7387 -374
1 7388 93
1 7390 -342
1 7392 436
1 7393 -740
1 7396 -325
1 7397 -670
1 7401 800
1 7404 424
1 7405 775
1 7407 513
1 7411 143
1 7413 -525
1 7414 -697
1 7415 182
1 7417 -826
1 7418 792
1 7419 576
1 7421 901
1 7422 -466
1 7426 -932
1 7429 586
1 7431 119
1 7432 -36
1 7433 849
1 7435 603
1 7437 933
1 7440 -334
1 7441 588
1 7444 423
1 7446 210
1 7447 -230
1 7452 -974
1 7453 476
1 7454 356
1 7455 287
1 7457 -531
1 7458 275
1 7459 673
1 7460 -44
1 7462 -781
1 7465 140
1 7466 -775
1 7467 -128
1 7471 37
1 7473 -187
1 7474 -507
1 7477 -273
1 7481 938
1 7484 -283
1 7485 97
1 7487 569
1 7488 88
1 7489 -541
1 7491 -155
1 7493 -824
1 7498 -140
1 7500 -365
1 7501 944
1 7505 326
1 7506 925
1 7507 -435
1 7509 -455
1 7511 -703
1 7513 419
1 7518 -46
1 7519 -893
1 7520 -190
1 7522 504
1 7523 -554
1 7524 730
1 7525 -293
1 7526 -838
1 7529 957
1 7530 626
1 7535 200
1 7536 751
1 7537 372
1 7538 -327
1 7539 -263
1 7541 561
1 7542 84
1 7543 488
1 7546 624
1 7547 43
1 7548 -611
1 7550 343
1 7551 -23
1 7557 37
1 7561 -220
1 7564 -803
1 7565 -254
1 7567 -708
1 7569 644
1 7573 507
1 7574 577
1 7575 -349
1 7576 -556
1 7577 150
1 7579 -1
1 7585 -425
1 7586 127
1 7587 -420
1 7588 -660
1 7589 -637
1 7594 32
1 7595 -638
1 7596 449
1 7597 -290
1 7598 -856
1 7599 374
1 7600 -487
1 7604 852
1 7605 275
1 7607 928
1 7608 9
1 7612 -13
1 7613 47
1 7617 -112
1 7620 720
1 7621 947
1 7622 53
1 7623 -39
1 7625 718
1 7627 -427
1 7629 -361
1 7634 -160
1 7636 305
1 7638 -787
1 7640 675
1 7642 241
1 7643 633
1 7644 -495
1 7646 -234
1 7647 -835
1 7648 102
1 7651 774
1 7652 -323
1 7654 155
1 7656 777
1 7657 -8
1 7658 -861
1 7659 -23
1 7663 -435
1 7664 -426
1 7667 918
1 7674 -168
1 7675 924
1 7677 343
1 7681 -279
1 7682 -806
1 7683 -782
1 7685 469
1 7687 -903
1 7688 -886
1 7689 -715
1 7690 911
1 7691 299
1 7693 -563
1 7694 943
1 7696 -818
1 7697 732
1 7698 -619
1 7700 -226
1 7702 476
1 7703 45
1 7704 971
1 7705 801
1 7706 425
1 7708 963
1 7711 623
1 7712 388
1 7715 -4
1 7716 897
1 7717 -89
1 7718 349
1 7719 -719
1 7723 -828
1 7724 1
1 7726 732
1 7727 275
1 7728 818
1 7731 842
1 7733 182
1 7734 890
1 7735 -176
1 7738 135
1 7739 919
1 7740 868
1 7743 -869
1 7746 -549
1 7747 -112
1 7749 991
1 7750 -773
1 7753 -934
1 7755 637
1 7756 42
1 7760 -267
1 7762 -604
1 7768 -820
1 7773 -363
1 7776 66
1 7777 -156
1 7779 -686
1 7780 120
1 7781 -855
1 7782 613
1 7783 605
1 7785 -736
1 7786 -113
1 7787 -142
1 7790 -566
1 7793 -586
1 7797 -229
1 7798 -402
1 7799 -795
1 7801 277
1 7805 862
1 7810 260
1 7811 542
1 7814 -539
1 7815 -722
1 7816 -192
1 7820 467
1 7821 -374
1 7822 -477
1 7824 551
1 7827 -178
1 7828 -482
1 7831 494
1 7832 -45
1 7833 979
1 7835 548
1 7836 315
1 7837 716
1 7838 985
1 7839 632
1 7844 -860
1 7846 -345
1 7849 -916
1 7850 -711
1 7851 683
1 7852 -593
1 7854 -690
1 7860 -268
1 7862 -252
1 7865 -382
1 7867 -611
1 7871 295
1 7872 246
1 7873 -556
1 7876 668
1 7878 92
1 7880 753
1 7881 692
1 7882 38
1 7884 -700
1 7885 272
1 7887 152
1 7888 414
1 7889 902
1 7892 -45
1 7896 270
1 7898 680
1 7900 -124
1 7904 432
1 7905 -955
1 7906 210
1 7908 -216
1 7910 -186
1 7915 -400
1 7917 -666
1 7918 -656
1 7919 -170
1 7920 710
1 7921 -357
1 7924 745
1 7927 -459
1 7931 -418
1 7932 -475
1 7935 -939
1 7938 513
1 7939 -892
1 7941 966
1 7942 172
1 7944 454
1 7948 454
1 7949 -307
1 7950 645
1 7951 -131
1 7955 638
1 7959 -206
1 7960 12
1 7961 -475
1 7962 912
1 7963 430
1 7964 533
1 7965 145
1 7967 -885
1 7969 -2
1 7972 155
1 7973 -237
1 7975 15
1 7977 788
1 7979 929
1 7980 706
1 7981 -705
1 7982 201
1 7986 767
1 7989 949
1 7990 -294
1 7991 241
1 7997 -508
1 7999 -289
1 8001 892
1 8004 -580
1 8005 -844
1 8006 -398
1 8007 703
1 8008 162
1 8009 -276
1 8010 -800
1 8012 520
1 8018 -157
1 8019 862
1 8020 8
1 8027 -338
1 8028 -581
1 8029 993
1 8035 -404
1 8037 -237
1 8039 -711
1 8041 -120
1 8043 88
1 8044 -12
1 8045 -856
1 8046 -628
1 8047 -447
1 8048 490
1 8050 -477
1 8051 -332
1 8052 853
1 8054 -910
1 8057 -325
1 8059 484
1 8060 -377
1 8061 -429
1 8068 -172
1 8069 579
1 8070 -499
1 8072 117
1 8073 -812
1 8074 783
1 8079 493
1 8082 573
1 8083 905
1 8085 -127
1 8086 -209
1 8088 -448
1 8090 -611
1 8096 -694
1 8098 -188
1 8101 719
1 8102 -382
1 8103 -869
1 8104 -567
1 8105 450
1 8108 -517
1 8109 -799
1 8110 -76
1 8111 639
1 8112 115
1 8113 895
1 8114 826
1 8115 -457
1 8116 -81
1 8119 327
1 8120 351
1 8122 -562
1 8131 -863
1 8132 -44
1 8136 -975
1 8140 -687
1 8142 -35
1 8143 -556
1 8151 392
1 8153 959
1 8155 -666
1 8156 881
1 8160 777
1 8163 972
1 8165 599
1 8167 -669
1 8168 -32
1 8169 -446
1 8172 391
1 8173 -653
1 8174 -936
1 8175 590
1 8176 690
1 8178 -363
1 8184 35
1 8187 543
1 8191 397
1 8192 899
1 8194 776
1 8206 648
1 8210 66
1 8211 -688
1 8212 -703
1 8215 -907
1 8219 528
1 8220 846
1 8221 258
1 8222 -673
1 8223 -728
1 8225 149
1 8228 62
1 8229 171
1 8230 -548
1 8232 432
1 8234 -897
1 8235 29
1 8236 895
1 8237 -389
1 8238 379
1 8239 -773
1 8242 987
1 8243 -501
1 8245 440
1 8246 521
1 8247 516
1 8249 826
1 8252 46
1 8254 -709
1 8258 282
1 8259 313
1 8260 -716
1 8264 982
1 8265 307
1 8268 548
1 8269 222
1 8270 -908
1 8272 -367
1 8273 988
1 8275 -40
1 8279 314
1 8280 -914
1 8281 -279
1 8284 -209
1 8286 517
1 8287 -500
1 8288 700
1 8289 -692
1 8291 863
1 8298 -618
1 8302 30
1 8303 806
1 8304 -697
1 8307 997
1 8310 997
1 8311 -964
1 8312 661
1 8313 -157
1 8317 570
1 8318 459
1 8320 -697
1 8321 803
1 8323 667
1 8325 -701
1 8328 427
1 8333 623
1 8336 954
1 8338 956
1 8340 -114
1 8341 -247
1 8344 -304
1 8346 77
1 8347 105
1 8349 448
1 8352 856
1 8353 789
1 8354 745
1 8356 73
1 8358 799
1 8359 226
1 8360 -621
1 8361 706
1 8362 462
1 8363 -471
1 8365 840
1 8366 963
1 8368 610
1 8369 364
1 8370 -300
1 8371 257
1 8376 583
1 8378 -939
1 8379 379
1 8381 -95
1 8383 -371
1 8385 105
1 8386 -129
1 8389 -428
1 8392 -983
1 8393 -216
1 8394 -331
1 8395 306
1 8397 556
1 8405 453
1 8406 -476
1 8408 -323
1 8409 445
1 8410 -953
1 8412 753
1 8413 -625
1 8414 -275
1 8415 449
1 8416 165
1 8419 -747
1 8420 147
1 8421 -127
1 8422 -897
1 8423 -949
1 8424 613
1 8427 -673
1 8428 710
1 8430 692
1 8432 906
1 8433 -663
1 8434 -355
1 8438 -353
1 8443 -355
1 8444 150
1 8445 -687
1 8446 -952
1 8447 158
1 8449 -728
1 8450 -655
1 8456 -375
1 8459 753
1 8460 961
1 8462 477
1 8463 754
1 8464 -959
1 8466 64
1 8468 -169
1 8472 -934
1 8474 131
1 8476 19
1 8477 -329
1 8478 772
1 8479 -765
1 8480 -437
1 8482 -471
1 8483 -576
1 8484 449
1 8487 358
1 8490 -786
1 8492 -656
1 8493 -847
1 8495 -422
1 8498 328
1 8499 19
1 8501 -693
1 8506 -306
1 8507 -242
1 8508 -844
1 8509 524
1 8510 552
1 8511 344
1 8512 986
1 8515 -935
1 8516 -969
1 8517 184
1 8518 -396
1 8519 -976
1 8520 -206
1 8523 7
1 8524 651
1 8526 -379
1 8527 846
1 8529 338
1 8530 -211
1 8531 17
1 8532 530
1 8533 -583
1 8536 -987
1 8539 -472
1 8540 818
1 8542 846
1 8543 119
1 8544 -983
1 8546 677
1 8548 -763
1 8551 551
1 8553 168
1 8554 -194
1 8555 -667
1 8556 -666
1 8557 -744
1 8559 945
1 8560 167
1 8561 -818
1 8566 -168
1 8568 477
1 8569 221
1 8570 340
1 8571 -824
1 8577 230
1 8580 978
1 8581 912
1 8584 -989
1 8587 -331
1 8589 561
1 8591 338
1 8592 -42
1 8595 -734
1 8597 -157
1 8598 506
1 8600 395
1 8601 666
1 8603 109
1 8604 -215
1 8611 -963
1 8614 283
1 8615 -52
1 8616 313
1 8617 -150
1 8618 -756
1 8620 -675
1 8622 -506
1 8623 793
1 8628 -399
1 8630 -401
1 8631 559
1 8633 229
1 8635 -755
1 8636 -893
1 8638 -616
1 8639 476
1 8640 416
1 8641 702
1 8644 -360
1 8645 -44
1 8646 -190
1 8647 -95
1 8648 -847
1 8649 -34
1 8650 168
1 8653 215
1 8657 904
1 8658 -995
1 8659 -7
1 8660 38
1 8661 -180
1 8662 -771
1 8672 825
1 8673 377
1 8677 106
1 8678 -654
1 8682 985
1 8684 -316
1 8685 -726
1 8686 741
1 8689 -832
1 8691 285
1 8693 -503
1 8694 797
1 8695 213
1 8696 -290
1 8699 463
1 8700 316
1 8703 177
1 8704 8
1 8705 366
1 8706 -654
1 8707 -178
1 8708 -664
1 8709 -29
1 8710 -718
1 8712 120
1 8713 247
1 8715 754
1 8716 459
1 8717 -244
1 8721 -985
1 8722 513
1 8723 -65
1 8724 96
1 8725 735
1 8727 775
1 8729 696
1 8732 -568
1 8734 -882
1 8735 518
1 8736 -868
1 8739 -216
1 8740 -516
1 8742 -343
1 8743 -777
1 8751 -93
1 8752 899
1 8754 261
1 8755 119
1 8758 567
1 8760 -200
1 8761 519
1 8764 -697
1 8765 55
1 8766 -894
1 8767 -584
1 8768 398
1 8771 -571
1 8774 -266
1 8777 741
1 8778 -927
1 8780 -380
1 8784 -692
1 8785 -176
1 8786 375
1 8788 -201
1 8793 560
1 8795 748
1 8796 391
1 8798 -409
1 8800 -329
1 8801 631
1 8802 -450
1 8804 565
1 8805 226
1 8806 547
1 8808 563
1 8809 -27
1 8810 775
1 8811 -220
1 8812 -283
1 8816 654
1 8817 -259
1 8818 605
1 8820 474
1 8822 -534
1 8825 844
1 8826 -565
1 8830 281
1 8831 929
1 8834 377
1 8838 472
1 8840 -52
1 8842 684
1 8844 -421
1 8845 -266
1 8851 -443
1 8852 -83
1 8853 345
1 8854 -581
1 8857 -271
1 8858 -649
1 8861 241
1 8863 -217
1 8865 -551
1 8867 398
1 8868 248
1 8870 2
1 8872 758
1 8873 85
1 8875 962
1 8876 -470
1 8878 501
1 8880 863
1 8881 -996
1 8882 276
1 8887 13
1 8888 892
1 8889 867
1 8890 164
1 8892 -590
1 8893 720
1 8900 -146
1 8901 -699
1 8903 299
1 8906 -532
1 8911 340
1 8912 342
1 8916 585
1 8920 -14
1 8921 69
1 8923 215
1 8924 -301
1 8926 -680
1 8928 -44
1 8930 -523
1 8931 -598
1 8934 -516
1 8936 496
1 8937 992
1 8938 -20
1 8941 742
1 8942 78
1 8943 794
1 8944 -16
1 8947 950
1 8949 -842
1 8951 -288
1 8953 240
1 8958 -69
1 8959 -456
1 8960 -212
1 8962 873
1 8963 -868
1 8964 -958
1 8965 820
1 8968 -474
1 8969 964
1 8971 193
1 8973 -955
1 8974 -777
1 8975 229
1 8976 55
1 8978 -334
1 8979 -551
1 8980 -74
1 8981 767
1 8982 947
1 8985 345
1 8988 887
1 8990 755
1 8992 333
1 8994 679
1 8998 -413
1 8999 -985
1 9003 -538
1 9004 -647
1 9005 429
1 9008 -453
1 9010 688
1 9012 955
1 9014 534
1 9015 304
1 9018 454
1 9023 489
1 9028 268
1 9030 -396
1 9031 217
1 9032 436
1 9034 798
1 9035 527
1 9036 -786
1 9037 693
1 9040 432
1 9042 -338
1 9043 973
1 9046 680
1 9048 398
1 9052 400
1 9054 743
1 9055 -184
1 9058 -838
1 9059 748
1 9061 934
1 9063 -259
1 9064 280
1 9066 -961
1 9067 438
1 9069 -589
1 9070 -616
1 9074 849
1 9075 335
1 9077 910
1 9078 -724
1 9080 207
1 9083 -390
1 9084 20
1 9087 715
1 9088 84
1 9089 522
1 9090 -565
1 9093 -759
1 9095 369
1 9098 -428
1 9099 -930
1 9101 795
1 9102 691
1 9105 -551
1 9108 628
1 9109 680
1 9110 770
1 9111 -824
1 9116 865
1 9117 901
1 9119 771
1 9120 -47
1 9121 605
1 9123 301
1 9124 -279
1 9126 -887
1 9127 -689
1 9128 946
1 9133 -839
1 9134 -125
1 9137 6
1 9138 -604
1 9139 499
1 9141 328
1 9143 830
1 9144 685
1 9145 878
1 9146 667
1 9148 46
1 9149 -122
1 9150 -836
1 9152 -487
1 9154 372
1 9155 565
1 9156 -324
1 9163 42
1 9164 -635
1 9165 147
1 9166 -536
1 9168 788
1 9169 575
1 9170 92
1 9172 757
1 9173 369
1 9179 -933
1 9180 -143
1 9182 -279
1 9183 -984
1 9184 412
1 9185 863
1 9187 -51
1 9188 -203
1 9190 -134
1 9191 822
1 9193 361
1 9195 642
1 9196 -387
1 9197 942
1 9198 -775
1 9199 348
1 9206 -315
1 9208 752
1 9210 234
1 9212 -242
1 9213 -884
1 9214 653
1 9215 672
1 9216 -232
1 9218 -851
1 9220 705
1 9222 990
1 9223 868
1 9224 58
1 9226 689
1 9227 235
1 9230 -278
1 9232 839
1 9234 -831
1 9235 -753
1 9236 -948
1 9239 -623
1 9240 -797
1 9241 443
1 9243 604
1 9244 -634
1 9248 -436
1 9249 362
1 9251 466
1 9252 -963
1 9253 514
1 9254 410
1 9258 -427
1 9259 378
1 9260 820
1 9262 -421
1 9264 -794
1 9265 184
1 9267 693
1 9268 174
1 9274 747
1 9276 -177
1 9277 893
1 9281 818
1 9285 -884
1 9287 -644
1 9288 -179
1 9290 -447
1 9292 -525
1 9295 -860
1 9298 -947
1 9301 -907
1 9305 524
1 9307 652
1 9308 -790
1 9309 -841
1 9310 -688
1 9314 -145
1 9315 336
1 9316 886
1 9318 -211
1 9321 -328
1 9322 -395
1 9323 247
1 9325 539
1 9329 999
1 9331 749
1 9332 586
1 9334 -560
1 9338 257
1 9340 -657
1 9343 550
1 9350 -515
1 9351 756
1 9352 229
1 9356 517
1 9358 -361
1 9361 -519
1 9364 -870
1 9366 640
1 9368 302
1 9370 -524
1 9372 -929
1 9373 751
1 9377 435
1 9378 877
1 9379 780
1 9380 -950
1 9383 821
1 9387 105
1 9392 -718
1 9393 -405
1 9394 -735
1 9395 -184
1 9398 734
1 9399 740
1 9404 523
1 9405 964
1 9407 -975
1 9408 725
1 9412 -624
1 9414 393
1 9416 857
1 9418 166
1 9422 280
1 9425 -87
1 9426 -565
1 9433 -831
1 9435 593
1 9438 -798
1 9439 937
1 9443 -21
1 9447 -268
1 9448 271
1 9449 303
1 9452 -251
1 9453 -865
1 9454 14
1 9455 296
1 9456 582
1 9457 -300
1 9458 -857
1 9459 -727
1 9461 472
1 9463 533
1 9464 -384
1 9465 -968
1 9466 212
1 9467 825
1 9477 -522
1 9482 485
1 9483 -55
1 9484 217
1 9486 -654
1 9489 -986
1 9494 -878
1 9496 297
1 9497 422
1 9500 -514
1 9502 -899
1 9503 -799
1 9509 -644
1 9510 -363
1 9512 838
1 9514 -177
1 9516 -585
1 9520 -450
1 9521 218
1 9522 326
1 9525 -254
1 9527 -862
1 9529 -350
1 9530 490
1 9531 -649
1 9532 299
1 9533 17
1 9538 -969
1 9539 -251
1 9542 -189
1 9543 206
1 9546 412
1 9547 -941
1 9549 -558
1 9554 -485
1 9556 -297
1 9564 979
1 9566 152
1 9567 854
1 9568 -428
1 9570 -287
1 9572 65
1 9575 -859
1 9577 -707
1 9579 -636
1 9580 851
1 9582 -532
1 9584 -567
1 9586 -776
1 9587 502
1 9588 213
1 9590 758
1 9591 -854
1 9592 697
1 9593 -916
1 9595 -553
1 9597 47
1 9600 121
1 9601 -792
1 9605 333
1 9606 -635
1 9607 719
1 9608 561
1 9609 -491
1 9611 -611
1 9613 285
1 9614 362
1 9615 -180
1 9617 -76
1 9618 -743
1 9623 130
1 9625 -261
1 9626 -976
1 9629 498
1 9631 975
1 9633 -990
1 9634 657
1 9636 -214
1 9637 963
1 9638 -831
1 9640 -888
1 9641 846
1 9642 850
1 9643 744
1 9645 -403
1 9647 -447
1 9648 -996
1 9649 -693
1 9651 -784
1 9653 -878
1 9659 201
1 9660 -777
1 9661 -277
1 9663 -810
1 9667 -772
1 9668 -741
1 9670 -708
1 9671 354
1 9674 221
1 9675 631
1 9676 997
1 9677 -578
1 9679 -137
1 9681 613
1 9682 -663
1 9686 771
1 9691 -587
1 9695 -82
1 9699 301
1 9702 846
1 9704 -370
1 9705 -751
1 9706 -474
1 9711 539
1 9713 330
1 9714 205
1 9717 -403
1 9718 -731
1 9720 -110
1 9723 -13
1 9724 -64
1 9728 -615
1 9732 76
1 9733 -312
1 9736 -284
1 9738 -187
1 9739 -900
1 9741 -835
1 9743 -513
1 9744 -99
1 9746 632
1 9747 280
1 9751 488
1 9753 79
1 9755 -212
1 9756 -762
1 9757 397
1 9758 182
1 9759 -538
1 9767 917
1 9768 -640
1 9769 -353
1 9770 -731
1 9771 -967
1 9774 318
1 9775 -597
1 9777 346
1 9778 169
1 9779 334
1 9781 -937
1 9782 -737
1 9783 -864
1 9784 -35
1 9786 -126
1 9787 638
1 9788 440
1 9789 -525
1 9791 -873
1 9794 -440
1 9795 -907
1 9797 102
1 9798 471
1 9799 222
1 9800 445
1 9802 744
1 9806 986
1 9808 295
1 9809 -732
1 9811 997
1 9813 185
1 9816 679
1 9822 47
1 9823 -584
1 9826 -986
1 9828 -851
1 9831 306
1 9832 671
1 9843 -920
1 9844 -5
1 9845 566
1 9849 -860
1 9851 -287
1 9852 -611
1 9853 -471
1 9855 813
1 9856 336
1 9858 -37
1 9862 304
1 9863 -959
1 9865 328
1 9866 876
1 9873 -946
1 9880 305
1 9884 -223
1 9885 -222
1 9886 -986
1 9887 -739
1 9888 -961
1 9889 -742
1 9890 877
1 9892 949
1 9893 530
1 9895 676
1 9896 903
1 9897 -235
1 9899 617
1 9900 -906
1 9901 -345
1 9902 -365
1 9903 639
1 9904 -913
1 9905 -949
1 9906 -245
1 9911 56
1 9912 656
1 9915 684
1 9921 -713
1 9922 -33
1 9923 -633
1 9924 56
1 9925 748
1 9931 883
1 9932 262
1 9933 -826
1 9934 900
1 9937 -417
1 9939 -535
1 9940 880
1 9942 535
1 9943 463
1 9944 -540
1 9946 223
1 9947 574
1 9948 344
1 9949 613
1 9950 -611
1 9951 106
1 9957 -214
1 9958 -43
1 9962 916
1 9964 -947
1 9968 920
1 9969 -140
1 9973 639
1 9977 295
1 9978 277
1 9981 60
1 9982 380
1 9983 856
1 9984 -492
1 9985 -422
1 9990 996
1 9993 -208
1 9995 118
1 9997 390
1 9998 -393
1 10000 -946
